1451918040,651.0200,656.6148,651.0200,656.0300,444800
1451918340,652.5525,654.4400,650.8050,651.0200,213800
1451918640,650.2199,652.7800,648.0100,652.6600,235900
1451918945,651.0586,651.8800,648.5000,649.6600,196300
1451919240,649.5500,651.3700,648.6000,651.0226,175500
1451919540,649.0710,651.0000,648.6000,649.7874,102400
1451919840,644.0250,648.8000,643.6500,648.7200,220900
1451920199,641.4500,644.5499,640.2700,643.6501,272100
1451920440,639.0900,642.7199,637.5320,641.4800,353100
1451920741,640.5060,641.2500,637.6400,639.3120,269800
1451921040,640.5900,642.2800,640.1000,640.5330,212900
1451921340,640.6700,641.2899,640.0000,641.2450,113800
1451921641,638.7000,641.3880,638.0135,641.0550,113900
1451921941,639.9300,639.9800,635.7900,638.3601,183600
1451922240,639.8100,640.9853,638.0109,639.7800,114300
1451922540,642.9200,643.3655,639.0025,639.9900,139000
1451922845,640.4560,643.3700,640.2500,642.9200,111300
1451923141,640.0000,640.5700,638.5000,640.2200,97500
1451923440,638.0000,639.8500,637.3800,639.8400,84200
1451923747,637.0900,638.4523,636.3000,637.7500,97800
1451924041,638.5138,638.9200,637.1757,637.4000,77300
1451924340,637.6945,639.0200,637.6900,638.6300,63800
1451924640,638.5200,638.7900,637.0000,638.0000,66400
1451924945,638.5000,638.6900,636.5100,638.3620,79400
1451925244,639.1500,639.2000,637.0000,638.2300,83800
1451925540,640.9090,641.4000,639.1400,639.1500,113100
1451925841,641.0001,641.5000,639.8240,641.0000,86300
1451926141,641.3000,641.6500,640.3580,641.1800,73500
1451926440,641.4825,641.8500,640.6504,641.4000,50900
1451926741,639.7900,641.4900,639.1500,641.3200,67200
1451927043,638.6700,639.9150,638.0100,639.5700,83000
1451927397,639.7200,640.4320,638.3000,638.8592,54900
1451927642,638.3800,639.9840,638.1000,639.8850,47000
1451927951,638.5100,639.7700,638.0600,638.3500,47500
1451928240,638.9250,640.0900,638.1400,638.5250,50700
1451928541,637.8225,638.8510,637.6500,638.7500,58900
1451928844,636.5000,637.8499,636.3100,637.6400,95300
1451929141,638.0227,638.2900,635.7900,636.5200,67100
1451929499,638.1900,638.3100,635.5600,638.1125,110700
1451929740,637.4900,638.7000,637.1900,637.8800,68900
1451930040,637.4200,638.1690,637.1800,637.6700,39600
1451930340,637.7600,637.8920,636.0000,637.3350,74500
1451930642,640.4200,640.6600,637.6450,637.8700,153900
1451930941,638.8200,640.6500,638.3100,640.5100,55100
1451931240,638.5700,639.5570,638.2800,638.5800,61200
1451931544,636.9740,639.0200,636.7500,638.6100,69300
1451931847,637.4500,637.5342,636.0000,636.7867,62900
1451932142,637.8600,638.4800,636.9200,637.2300,37800
1451932445,637.4500,638.1700,636.5600,637.7400,39100
1451932741,638.7200,638.9900,637.3800,637.5490,49300
1451933040,639.8460,640.5000,638.0000,638.7000,54700
1451933341,638.8300,640.4700,638.5000,640.2500,55400
1451933640,637.9600,638.8600,637.6200,638.4400,44900
1451933947,637.0000,638.6599,636.5500,637.9600,67900
1451934240,635.4370,637.0000,635.0200,636.9800,112100
1451934542,635.4144,635.6999,633.5000,635.2600,150200
1451934840,635.1150,635.6550,634.4000,635.5000,69100
1451935141,634.7700,635.2000,633.0100,635.0000,99700
1451935445,635.4500,636.5500,634.7900,634.8000,88700
1451935744,634.4600,635.8519,634.4600,635.7299,70700
1451936040,634.0400,635.1000,632.8700,634.8546,59300
1451936340,634.0501,634.9100,632.9400,633.8800,63700
1451936641,632.8880,634.0100,632.6716,633.6500,86300
1451936944,631.4400,633.1600,631.4400,633.1600,97700
1451937240,629.6050,632.1970,629.3000,631.5300,123100
1451937544,630.6390,630.8297,629.4501,629.6200,96400
1451937841,628.7400,631.1100,628.3600,630.7600,98600
1451938199,627.7700,629.2000,627.7360,628.9200,98300
1451938440,629.0000,629.3000,627.5100,627.7500,132900
1451938742,630.6500,630.7000,628.7620,628.8300,99800
1451939045,629.7400,631.4000,629.5000,630.7000,123000
1451939343,630.4200,631.0134,629.4400,629.5900,112200
1451939640,629.7900,630.9600,629.6301,630.5150,108300
1451939940,629.5850,630.3900,629.0700,630.0500,99600
1451940241,629.9000,630.5900,629.5900,629.7700,155100
1451940599,633.8800,634.4800,629.5500,630.1500,223000
1451940840,635.5670,636.0000,633.5000,634.1000,216100
1451941199,636.7300,636.9950,635.5000,635.9900,333900
1451941200,636.9900,636.9900,636.9900,636.9900,218000
1452004440,641.7700,645.2100,641.5200,643.3800,0
1452004799,638.9300,643.0000,638.7200,642.2000,178400
1452005041,639.8500,640.2500,638.6000,638.7530,120200
1452005399,635.8800,639.9600,635.6600,639.8449,140700
1452005640,634.3600,636.8100,634.0100,635.8300,109900
1452005940,633.9600,635.4300,633.3900,634.1700,106700
1452006299,631.8400,634.3800,630.6469,633.6500,157900
1452006599,631.6900,632.7000,631.5000,631.9256,89100
1452006840,631.9700,632.4500,631.0700,631.5000,120600
1452007140,635.0000,635.6299,631.5100,631.7900,124100
1452007440,632.6300,635.3400,632.3700,635.0100,84000
1452007745,631.7500,632.9700,631.7500,632.8438,80400
1452008041,631.7125,632.5400,630.8000,631.7500,97100
1452008340,636.7500,636.7500,631.5000,631.7750,104000
1452008643,636.9700,639.2500,636.2450,636.8450,126600
1452008940,635.5000,637.0272,635.3700,637.0100,103400
1452009244,637.0000,637.4900,635.0700,635.5900,61400
1452009540,636.9400,638.5500,636.3600,636.9000,65700
1452009841,635.7400,637.0900,635.1000,636.8300,49800
1452010145,635.3321,636.0000,635.0904,635.4300,65700
1452010442,634.3058,635.5799,632.5200,635.5799,76100
1452010740,633.2300,634.3600,632.5501,634.2400,29100
1452011040,632.6948,633.3680,632.1600,633.2000,35800
1452011340,631.9500,633.3500,631.6700,632.7150,51500
1452011645,633.2999,633.3700,631.5000,631.8350,44100
1452011950,632.7200,634.1330,632.5500,633.2200,53300
1452012240,632.1100,633.6107,632.1010,632.6900,52900
1452012541,631.9400,632.2400,631.5000,632.1400,42600
1452012848,631.4200,632.4300,631.3700,631.9900,39200
1452013144,630.5375,631.6600,629.5000,631.3600,86800
1452013498,629.5000,630.5600,628.6400,630.4356,59400
1452013741,628.7600,629.4999,628.0400,629.0300,63200
1452014099,630.4985,630.4985,627.6500,628.7345,105800
1452014350,629.3200,630.3600,628.6200,630.2800,40900
1452014640,631.3916,631.4700,628.6455,628.7700,55600
1452014942,630.7095,631.6400,630.0000,631.4700,53300
1452015298,631.8100,632.0800,630.0930,630.8400,64800
1452015543,631.6700,632.0200,630.6706,631.7400,47800
1452015841,629.7528,631.8470,628.6400,631.5800,47100
1452016143,629.5801,630.2700,629.5600,629.7850,30800
1452016499,630.4800,630.7700,629.2000,629.6800,50500
1452016746,631.3600,631.3600,629.7830,630.4300,52600
1452017040,631.0450,631.7499,630.6200,631.3700,52200
1452017343,629.8600,631.3760,629.7500,631.2000,47700
1452017642,630.0100,630.5189,629.7900,630.0400,40100
1452017941,629.5900,630.2900,629.0000,630.1800,30200
1452018240,629.1700,629.7500,629.0000,629.2600,17300
1452018543,630.2900,630.6000,629.0000,629.1707,35300
1452018861,630.4400,631.1300,629.9000,630.5200,37400
1452019148,632.8450,632.9990,630.4100,630.4700,72800
1452019442,634.3150,634.8400,632.6100,632.6600,56900
1452019744,636.5300,636.8800,634.3092,634.8844,51500
1452020040,635.9787,637.7900,634.8100,636.7500,63900
1452020341,636.2800,637.6490,636.1100,636.1474,37300
1452020644,635.7000,636.4999,634.6500,636.4999,45900
1452020949,636.9500,637.0000,635.4200,635.7400,29200
1452021241,638.3250,639.3000,636.8683,636.8683,83100
1452021599,637.5800,638.4999,637.3000,638.4999,65600
1452021899,639.7750,639.9300,637.3800,637.6300,80500
1452022148,638.3100,640.0000,637.9000,639.9300,95200
1452022440,635.7800,638.4700,635.5700,638.1537,56800
1452022754,636.7000,637.0000,635.6600,636.0550,29300
1452023043,635.3100,636.6200,635.2200,636.5359,29500
1452023361,635.2650,635.5000,634.0300,635.1600,37600
1452023642,635.1500,636.0000,635.0000,635.5000,31400
1452023944,633.9000,635.3200,633.4100,635.1190,42200
1452024240,632.6900,634.7099,632.2200,634.1799,48600
1452024599,632.7782,632.9000,631.7120,632.4400,44900
1452024840,634.5600,634.9000,632.5900,632.5900,54000
1452025149,634.1600,634.7300,633.1300,634.2200,50500
1452025440,632.2500,634.0800,632.0000,634.0800,44100
1452025742,634.2049,634.3900,631.9400,632.0000,77200
1452026041,634.0300,635.2000,633.5100,634.2188,51000
1452026347,633.9100,634.7800,633.8700,634.2158,42800
1452026640,635.3300,636.6400,634.1400,634.1400,69100
1452026940,635.4268,636.4900,634.5100,635.5100,50300
1452027243,634.7229,635.8150,634.4000,635.5300,63900
1452027543,633.5300,635.2900,633.4500,634.9400,458700
1452027600,633.7900,633.7900,633.7900,633.7900,0
1452090840,624.5800,626.5000,622.5300,622.5300,0
1452091140,629.3390,631.4900,623.6600,624.5850,216200
1452091441,631.8890,632.0851,627.7925,629.9731,140700
1452091740,636.5000,636.5000,631.1000,631.1000,205400
1452092099,634.3550,636.4700,632.6800,636.1200,152600
1452092340,637.0500,637.6000,634.1400,634.3550,142300
1452092642,633.2300,637.3900,632.2500,636.8800,119100
1452092940,635.5000,636.3800,633.2700,633.5900,80300
1452093299,635.1500,635.3500,633.3668,635.1000,44600
1452093599,636.5500,636.5700,633.4600,635.2100,58400
1452093899,638.4500,639.6300,636.1000,636.5900,160600
1452094140,638.7000,638.9300,638.0000,638.4400,100200
1452094441,637.1401,638.7050,636.5900,638.5600,56000
1452094740,635.5800,637.4300,635.2163,637.1400,50100
1452095042,636.9910,637.5000,635.5000,635.7900,48600
1452095342,635.9700,636.9899,635.0010,636.7950,48500
1452095648,634.7700,636.5000,634.7700,636.0000,36100
1452095959,637.2543,637.7500,634.7600,634.7700,50500
1452096299,638.3500,638.5000,636.9072,637.4000,49500
1452096545,635.7800,638.4500,635.4000,638.3500,42300
1452096841,634.5400,635.6300,633.0100,635.4800,60500
1452097141,636.2172,636.6700,633.8400,634.6075,48000
1452097449,637.1400,637.7000,636.1900,636.2800,48300
1452097741,636.0100,637.1320,635.5900,636.8836,23500
1452098095,635.3500,636.2534,634.4600,636.2534,40100
1452098345,637.1000,637.1000,635.4800,635.4800,31700
1452098651,636.2845,638.1900,636.0000,636.8760,36600
1452098940,636.2500,636.4950,635.6100,636.3510,29700
1452099240,635.6000,636.5499,634.9000,636.4107,31500
1452099540,634.7606,635.8099,634.3900,635.4500,44200
1452099855,634.1300,635.0700,634.1300,634.8800,26900
1452100193,634.6000,634.8400,633.6850,634.3300,28200
1452100441,635.0600,635.2774,633.9925,634.5761,27900
1452100745,634.6800,635.3500,634.4900,635.0000,26400
1452101044,633.3680,634.7700,633.0900,634.6965,26000
1452101343,632.5100,633.9488,632.0100,633.5000,38500
1452101643,632.7700,633.0000,631.7600,632.1000,38200
1452101941,634.5200,635.2400,632.3823,632.8125,53700
1452102298,634.7706,635.5800,634.5200,634.6850,43400
1452102548,634.8062,634.9600,634.4400,634.7300,27600
1452102846,631.8836,634.8800,631.6481,634.7450,59300
1452103140,630.1300,632.2100,629.5400,632.2100,63000
1452103440,631.5100,631.7200,629.5600,630.1622,54900
1452103796,630.1700,632.4095,630.0200,631.5450,49200
1452104042,629.6150,630.4200,628.7500,630.0952,61000
1452104341,628.8450,629.9790,628.5100,629.3000,55000
1452104640,628.0050,629.0549,627.2500,628.7800,60300
1452104942,628.1400,628.6800,628.0000,628.3700,35700
1452105298,626.7400,628.1400,626.5000,628.0200,50300
1452105598,629.3899,629.5000,626.4497,626.5100,51100
1452105897,628.9799,629.7500,628.5810,629.2300,49000
1452106143,627.9900,628.8236,627.6700,628.8236,22600
1452106447,628.8270,629.3250,627.8500,628.0100,17600
1452106741,629.0500,629.3900,628.7100,628.7100,13000
1452107049,630.4295,631.0000,628.4901,629.0499,45700
1452107346,629.8700,630.9199,629.6730,630.5000,46200
1452107642,630.0005,630.5700,629.1400,630.3600,38100
1452107940,630.2100,630.8500,629.8000,630.0347,37900
1452108244,630.1900,630.3510,628.5100,630.1450,42100
1452108543,629.7500,630.7199,629.5400,630.1900,40500
1452108846,630.0700,630.1600,629.3000,629.6500,22100
1452109144,630.0700,630.8800,630.0068,630.1220,45200
1452109447,627.2560,630.8600,627.0000,630.2200,80600
1452109798,625.7500,627.7800,625.2370,627.4600,92200
1452110044,625.7300,626.0000,625.0000,625.6430,53200
1452110343,624.5430,626.3900,624.1800,625.8100,65300
1452110650,626.5100,626.7300,624.2900,624.7699,56200
1452110942,627.8500,627.8500,626.2950,626.6300,50100
1452111240,628.0597,628.9000,627.1409,627.7207,65600
1452111549,629.0000,629.0000,627.1500,628.0610,66500
1452111842,630.5116,630.5904,628.9080,628.9900,37500
1452112145,630.7020,631.3036,629.0000,630.4200,63700
1452112499,632.3300,632.4200,630.4700,630.4700,75600
1452112744,632.2000,632.6400,631.2750,632.1500,56300
1452113052,631.0000,632.3000,630.8000,632.2700,59800
1452113340,631.5100,631.7300,630.5700,631.1900,81700
1452113645,631.1600,631.2800,629.2100,630.9500,116000
1452113940,632.8200,633.0200,630.5600,631.0000,496600
1452114000,632.6500,632.6500,632.6500,632.6500,0
1452177240,623.7650,624.8000,620.5500,621.0000,0
1452177544,626.5800,627.8700,623.7600,624.0400,184300
1452177844,622.0000,626.2150,621.5500,626.0001,152900
1452178198,621.3143,621.8995,619.2100,621.5600,185500
1452178440,619.4100,622.4000,618.5300,621.2799,150300
1452178741,617.8925,619.9310,616.5050,619.5380,133700
1452179045,615.9200,618.4699,615.5000,617.7000,117200
1452179340,616.5950,618.0000,615.5000,616.0000,68500
1452179640,619.4815,620.5000,616.0101,616.2600,114600
1452179999,623.1600,623.5000,619.6100,619.8528,192100
1452180242,622.7300,624.7700,621.1240,623.3400,110800
1452180541,623.5140,624.5000,622.3700,622.3700,68900
1452180845,627.9200,627.9200,623.3100,623.7150,104000
1452181141,624.7300,628.1100,624.2300,627.4900,67400
1452181446,623.7700,625.1700,623.4000,624.9600,48800
1452181761,624.0395,624.3700,622.3900,623.3300,46600
1452182043,627.0000,627.2400,623.9242,623.9242,58100
1452182340,628.1605,629.5661,626.8400,627.0472,125500
1452182699,626.4160,630.0000,626.3900,627.9700,69400
1452182946,627.6500,629.7500,626.4590,626.4800,73700
1452183240,627.0220,629.2300,626.5500,627.3800,43600
1452183558,626.8600,627.5300,625.9800,626.5100,55300
1452183899,624.3600,627.5730,623.7400,627.0300,57300
1452184142,625.1400,625.4800,623.8000,624.6500,36700
1452184441,625.0050,626.0700,624.8500,624.8800,26300
1452184749,624.8200,625.3900,624.0950,624.7000,25900
1452185041,626.0800,626.1400,624.1600,624.9925,26400
1452185340,624.9900,626.5200,623.7000,626.1800,56000
1452185649,623.4624,625.0000,623.2500,624.9900,30300
1452185942,623.1800,624.2587,623.0250,623.6000,32800
1452186247,623.2210,623.6300,622.5050,623.0000,31900
1452186557,622.1725,622.8900,621.0200,622.8000,39900
1452186840,621.1700,622.3400,620.7801,621.7813,30600
1452187164,622.3600,623.0100,621.0100,621.2600,35900
1452187441,620.6900,622.6000,620.5000,622.4513,38200
1452187740,621.1020,621.9000,620.7500,620.7800,33200
1452188053,620.6494,621.2699,620.1000,621.2430,46300
1452188342,617.9400,620.5400,617.2400,620.5300,83400
1452188641,618.3900,619.0100,617.7100,618.0300,46500
1452188998,619.3600,620.0000,618.1371,618.3700,57900
1452189242,619.4700,619.7000,618.1700,619.3600,33900
1452189541,618.1300,619.4700,618.1300,619.4000,32500
1452189842,618.5100,618.8000,617.7000,618.2380,35400
1452190142,617.3700,618.3890,616.5800,618.1200,59600
1452190440,616.3800,617.5771,615.2900,617.5771,91900
1452190798,615.2914,616.5050,614.1501,616.5000,93100
1452191043,612.0010,615.3900,612.0000,615.2450,123900
1452191340,611.9900,613.6800,611.5000,612.0000,104900
1452191643,610.0000,611.5800,609.0000,611.2000,133500
1452191941,607.2275,610.0000,605.2100,610.0000,164500
1452192241,609.0000,609.4800,605.5000,606.8100,122800
1452192545,609.9140,610.3000,607.3900,608.7100,113300
1452192841,611.3400,612.3100,610.0300,610.3600,144000
1452193140,609.0001,612.2200,608.1700,611.4000,82700
1452193446,607.8208,609.4380,606.6100,608.7000,56500
1452193747,609.2250,609.7299,607.0542,608.0140,82200
1452194040,609.2364,611.4795,608.7101,609.2200,75800
1452194351,611.0000,611.0000,608.1700,609.1700,52000
1452194650,609.5900,610.9500,609.2500,610.5601,32900
1452194940,608.3060,610.1000,608.0015,609.5802,40100
1452195244,607.7600,609.7720,606.5700,608.1200,66500
1452195540,611.6500,611.6992,607.6613,607.7400,78000
1452195840,613.1825,613.8899,611.0101,611.7246,93700
1452196141,616.4300,616.8800,613.0200,613.2600,104900
1452196441,615.0700,616.5800,613.9986,616.3700,59400
1452196743,612.0100,615.9050,612.0100,615.5100,69600
1452197041,613.2480,614.0000,611.7900,612.4000,80000
1452197343,614.7817,614.9000,613.0000,613.2200,39900
1452197640,613.8000,616.2200,612.5901,615.0000,60900
1452197945,611.7100,614.2300,610.7200,613.8300,68400
1452198240,609.3000,611.4099,608.0100,611.1500,74500
1452198540,609.0600,609.5600,608.0120,609.1700,53000
1452198842,612.0020,612.7200,608.8500,608.8900,124900
1452199143,613.3187,613.7400,612.0100,612.5900,91800
1452199443,609.6000,613.3408,609.5850,613.3408,90700
1452199740,609.9700,611.6900,609.0250,609.7100,173600
1452200046,609.9700,610.4100,608.5500,609.9400,197600
1452200340,607.9600,611.2000,607.6900,610.0100,318100
1452200400,607.9400,607.9400,607.9400,607.9400,158800
1452263641,622.8950,623.0000,617.0000,618.4400,0
1452263941,620.0500,623.0000,619.3100,623.0000,212400
1452264241,619.8300,621.9278,619.0000,619.9100,110500
1452264540,621.7132,622.7000,619.0101,619.7752,134000
1452264846,621.5700,622.6600,620.5200,621.6800,85500
1452265140,623.4300,624.1400,621.4030,621.4030,142700
1452265441,618.9680,623.6800,618.6600,623.3200,124800
1452265740,618.4364,619.4100,617.5600,619.0550,106300
1452266040,616.5100,618.9500,616.1000,618.2870,92200
1452266341,617.5855,619.4000,616.0700,616.4300,108300
1452266640,616.4400,618.2500,615.0000,618.0200,101200
1452266945,618.4799,618.8500,616.2550,616.2883,60500
1452267248,617.6000,618.9800,617.0600,618.4600,52100
1452267540,614.7595,617.6600,614.5000,617.6550,75600
1452267899,613.2200,615.3400,613.0000,614.3601,78600
1452268149,615.3000,615.8400,613.0000,613.2200,76900
1452268448,613.7200,615.2500,613.6700,614.5100,43000
1452268742,614.3250,614.9200,613.5800,613.7200,50600
1452269041,614.4000,615.6470,614.0950,614.3970,45300
1452269340,615.3300,615.5000,614.0300,614.5900,64000
1452269644,615.0782,615.7500,614.4500,615.5000,73700
1452269941,613.5700,615.6000,613.2900,615.1150,74900
1452270245,613.0400,613.8900,612.2000,613.2508,85000
1452270540,613.0300,613.9900,612.2500,612.9850,109400
1452270840,611.0100,613.8900,611.0100,613.8800,82800
1452271155,612.1658,612.5200,610.9400,611.5300,70100
1452271499,612.2400,612.4560,610.3900,612.4400,72900
1452271744,614.9800,614.9800,611.6240,612.0001,62500
1452272099,615.6900,616.0000,613.8800,614.4116,59000
1452272347,615.5800,616.0800,614.3800,615.6900,74200
1452272640,615.2500,616.3000,614.5000,615.4000,46600
1452272999,617.5001,617.7700,615.1900,615.2500,77700
1452273241,617.4500,618.2100,617.1100,617.5900,52100
1452273541,617.5501,618.3500,616.8301,617.4500,36900
1452273840,617.2500,617.8499,616.5000,617.7350,49000
1452274152,616.6173,617.8500,616.2800,617.1592,54500
1452274499,614.2300,616.8100,614.2300,616.8000,109600
1452274799,612.6400,614.8800,612.6400,614.2200,36800
1452275043,613.1300,613.9400,612.5101,612.6600,29300
1452275340,614.6216,615.0700,612.7500,612.9110,33000
1452275646,614.1700,614.6600,613.2400,614.6600,17200
1452275940,613.5810,614.2000,613.5000,614.1990,16700
1452276243,613.8599,614.8700,613.5000,613.9500,24900
1452276555,612.6045,613.6100,611.3800,613.6000,49200
1452276842,612.3000,613.3690,611.5200,612.9100,40900
1452277146,613.4400,613.6700,611.7400,612.2920,40100
1452277445,612.3600,613.9500,611.9000,613.1100,19800
1452277747,612.7750,612.7800,611.2700,612.0555,33200
1452278040,613.5110,613.6500,612.1600,612.4001,33000
1452278342,614.8100,615.2500,613.5200,613.5200,44300
1452278640,614.7200,615.0600,614.0100,614.9000,20700
1452278950,613.6200,614.3097,613.0000,614.3097,23200
1452279249,614.4600,614.6000,613.3100,613.8700,22000
1452279599,613.1700,614.4858,612.6200,614.4600,28700
1452279849,613.5500,614.3199,613.1000,613.3300,26500
1452280157,613.3200,614.1442,613.0300,613.6000,31200
1452280440,612.1100,613.6400,611.3900,613.6400,49200
1452280742,612.9200,612.9200,611.5700,612.0100,50500
1452281042,610.8200,612.8600,610.6500,612.8600,44400
1452281340,610.6000,611.0000,610.0100,610.9799,36900
1452281645,611.9600,612.0000,610.4425,610.6600,33600
1452281941,610.8660,611.8995,610.4162,611.6560,26500
1452282299,613.0300,613.4000,610.4000,611.1740,29200
1452282543,613.2008,614.6900,612.6700,612.7500,40100
1452282845,612.2150,613.2799,611.8550,613.1000,25900
1452283144,612.0000,612.9200,611.5310,612.6700,43600
1452283445,613.2200,613.4100,611.4700,611.9600,31400
1452283740,613.0500,613.7200,612.1200,613.3800,33200
1452284041,612.7500,613.3000,611.4500,613.1100,28800
1452284342,612.2700,613.6000,612.1100,612.7400,29900
1452284643,612.3200,612.7800,611.7900,612.0100,156000
1452284998,610.7140,612.5000,610.7140,612.3600,50600
1452285244,609.4726,611.1875,609.3100,611.1875,73000
1452285541,609.4100,610.6100,608.4053,609.3700,78500
1452285846,608.7900,609.9300,608.5200,609.3200,68500
1452286141,606.1247,608.7299,606.0100,608.6120,112500
1452286444,606.1500,607.2200,606.1500,606.2650,117700
1452286747,607.2300,607.8600,606.0000,606.1600,385000
1452286800,607.0500,607.0500,607.0500,607.0500,0
1452522840,616.7200,619.8500,612.9250,612.9900,0
1452523143,617.1150,617.8400,614.3800,616.5501,116600
1452523499,614.8200,617.1900,614.3900,617.1300,77800
1452523741,612.5560,616.0000,612.0500,614.6050,90200
1452524042,609.9688,612.9200,609.5000,612.5600,91900
1452524340,611.0000,611.5700,609.0100,609.7133,102300
1452524640,613.1300,614.3800,610.9700,610.9700,78200
1452524943,612.4210,614.9990,611.1101,613.2400,61700
1452525243,613.0400,615.0000,612.2583,612.4000,61200
1452525599,612.6575,613.9599,611.0000,613.9599,39400
1452525843,613.3000,613.7000,611.8100,612.7490,32000
1452526141,611.8800,613.5600,611.4000,613.2030,35500
1452526453,613.7650,614.0100,612.0600,612.4700,40100
1452526743,612.7700,614.7100,612.7700,613.7000,58300
1452527040,612.9700,613.6700,611.8900,613.0105,36600
1452527344,611.3000,613.0000,610.8500,613.0000,39800
1452527640,609.8620,611.9200,608.8800,611.2120,35000
1452527940,607.9400,609.9800,607.2600,609.2000,57000
1452528243,608.0000,609.1400,607.6100,608.1500,57000
1452528599,605.7100,608.2599,605.1300,607.9200,67900
1452528845,607.7100,608.4254,605.6200,605.8848,61900
1452529141,608.8363,609.4900,607.8700,607.9300,38900
1452529444,608.3300,609.0200,607.2500,609.0200,32900
1452529741,608.2480,609.1989,607.4600,608.1100,27200
1452530044,608.8400,609.4000,607.5000,608.3572,33400
1452530340,611.6256,611.7500,608.4534,608.9135,53600
1452530641,611.7185,613.5000,610.8700,611.7500,60300
1452530944,613.4900,613.7900,611.8100,612.2540,39100
1452531299,614.2752,614.8900,612.8500,613.2700,46400
1452531540,613.3220,614.5084,612.3900,614.4476,53500
1452531841,612.6500,613.8770,611.5940,613.4900,34800
1452532148,611.9285,613.1300,611.7101,612.5100,25500
1452532441,612.0500,612.8450,611.0400,611.7100,28800
1452532758,610.8700,611.9200,610.6300,611.7170,21000
1452533042,609.7600,611.1200,609.0500,610.8700,33700
1452533348,607.9800,609.8094,607.5300,609.5000,27200
1452533651,609.3768,609.9700,608.2000,608.2000,27300
1452533958,608.4900,610.3900,608.2200,609.3110,35400
1452534245,609.0990,609.3400,607.2000,608.6250,21800
1452534551,608.9750,610.3900,608.4901,609.0786,20100
1452534843,607.7600,609.5400,607.7600,608.9900,19000
1452535141,608.7550,609.5460,607.5200,607.7600,23100
1452535440,609.6600,610.0000,608.6800,609.3400,25900
1452535759,608.1901,609.7700,607.7600,609.6400,20700
1452536045,607.0750,609.2500,606.1700,608.0000,32600
1452536342,608.0200,608.4800,607.0800,607.0800,26200
1452536647,606.7750,608.0450,606.6910,607.7450,21200
1452536940,604.1600,606.9400,604.1600,606.7100,69700
1452537248,604.5100,605.1500,603.7330,604.2900,48200
1452537541,603.3400,604.9600,602.5000,604.6900,70100
1452537840,601.6900,603.4942,601.6300,603.3500,56800
1452538148,600.6400,602.1500,600.4800,601.9100,54600
1452538440,602.4100,602.8800,598.5700,600.6400,158700
1452538743,603.2100,603.9200,602.3300,602.4170,67100
1452539040,605.0229,605.0819,602.1500,603.0000,50800
1452539345,605.9800,606.1200,604.3800,604.7700,60300
1452539642,606.2500,608.3900,605.6300,606.0886,86800
1452539940,607.5000,608.0000,605.1501,605.8100,57100
1452540240,607.9500,608.1000,605.9500,607.7300,32300
1452540542,609.4600,610.2245,607.4900,608.0000,73200
1452540841,609.8100,610.0900,609.1400,609.5400,56400
1452541143,610.2750,610.5900,609.0201,610.0838,48000
1452541445,611.0900,611.9500,610.0400,610.2649,60500
1452541740,609.7140,611.2180,609.1950,611.1240,22700
1452542041,608.2150,609.8300,608.2100,609.5390,31800
1452542340,608.7800,608.7980,607.5200,608.0700,46400
1452542640,608.6400,609.7700,608.6400,608.6409,39100
1452542950,608.0800,608.5600,606.5100,608.1600,50900
1452543246,605.7600,607.8000,605.7500,607.7563,34500
1452543599,606.8900,606.8900,604.6400,606.0584,50000
1452543899,609.4100,609.9300,606.4100,606.6397,65800
1452544145,614.3901,615.0000,609.1800,609.6500,168400
1452544442,616.4500,616.9400,613.9635,614.8300,122100
1452544740,617.2900,617.9500,615.4150,616.4500,109700
1452545040,618.4000,618.7850,616.7350,617.5040,115900
1452545340,616.6700,618.6500,615.4300,618.0300,129300
1452545640,617.7200,618.1990,616.6600,617.2699,111900
1452545941,617.4500,618.8600,616.5000,618.0000,403700
1452546000,617.7400,617.7400,617.7400,617.7400,0
1452609241,624.3500,625.9900,623.0200,625.2500,0
1452609544,623.7052,625.0000,623.5600,624.5446,180200
1452609840,622.9470,623.9725,620.0000,623.9725,148300
1452610198,622.7350,623.5900,622.4900,622.7750,77700
1452610440,622.0700,623.8750,621.0000,623.3700,94200
1452610747,622.2000,622.7600,620.9300,622.4690,57500
1452611047,620.9800,624.3807,620.8600,621.9850,85600
1452611341,621.9150,622.9500,621.1630,621.3117,56200
1452611640,621.5500,623.6500,621.2300,622.1850,79400
1452611999,623.2600,623.4200,621.2300,621.9600,46400
1452612240,622.2200,623.4700,621.6750,623.4500,42500
1452612540,621.4538,622.2801,620.1250,621.7440,60600
1452612840,623.1623,623.3300,620.8500,621.2400,56300
1452613140,622.2550,623.8000,622.2100,623.0610,60800
1452613440,621.7600,623.3700,621.1600,622.4900,34400
1452613741,620.7000,622.0100,620.5000,622.0000,47900
1452614040,623.0400,623.1900,620.3500,620.9376,46400
1452614340,622.8700,623.6500,622.7310,623.0800,50400
1452614643,622.7400,623.5900,622.1820,623.0100,49200
1452614945,622.2900,622.9000,621.2912,622.5460,34100
1452615245,621.8660,622.0215,621.1500,622.0100,25900
1452615541,622.2200,622.9800,621.1100,621.5800,37800
1452615866,621.6445,622.6100,621.3500,622.4350,21000
1452616140,621.4500,621.8200,620.5000,621.4500,59400
1452616441,621.9641,622.1300,620.6100,621.6050,44000
1452616741,619.7400,622.1000,619.2800,621.9900,118800
1452617043,620.8600,621.3900,619.7311,619.8800,40100
1452617341,622.2500,622.5872,619.9300,620.7600,45100
1452617640,622.5000,622.7800,621.6700,622.3940,29500
1452617946,622.4588,622.9200,622.0300,622.3500,22400
1452618241,623.2875,623.5000,621.9500,622.6374,37800
1452618548,622.9859,623.7000,622.9000,623.4900,36000
1452618846,622.6440,623.4500,621.9200,623.4473,33300
1452619143,620.3090,622.4400,620.3000,622.3700,34100
1452619440,620.3555,621.6399,620.1600,620.4800,34900
1452619758,620.7500,622.3100,620.1500,620.1710,27800
1452620099,619.6700,622.2800,619.5200,620.6000,62400
1452620396,619.5701,620.0000,618.3100,619.5000,68100
1452620640,618.4126,619.7200,618.0600,619.5900,44500
1452620949,619.8893,620.3000,618.0300,618.2792,51500
1452621248,620.0300,620.8300,619.2550,620.0000,40800
1452621545,618.9200,620.0448,618.4900,620.0000,46200
1452621841,620.0275,620.4800,618.6200,618.9000,97800
1452622151,620.1000,620.4393,619.1300,620.2899,27000
1452622440,621.8188,622.5000,619.6800,620.1000,41100
1452622747,620.6200,621.6500,619.9900,621.6100,39400
1452623041,619.4300,620.6936,619.1200,620.6100,47900
1452623357,619.5950,620.1999,619.0000,619.2200,19700
1452623644,619.0700,620.3700,618.6800,619.5100,21700
1452623941,618.4300,619.6200,618.2780,619.2100,24200
1452624243,619.9560,620.1179,618.5550,618.9000,21100
1452624554,619.6900,620.2499,619.0230,620.0600,15600
1452624899,619.3500,620.6200,618.7700,620.0000,32000
1452625140,616.8700,619.8000,616.7700,619.2600,43200
1452625440,614.8400,617.1810,614.8300,616.8900,69200
1452625740,614.6600,615.4900,614.1101,614.6950,47600
1452626041,613.8762,615.0300,613.5700,614.8475,52200
1452626346,613.5750,613.9000,612.2415,613.9000,44400
1452626698,614.8000,615.4090,612.5500,612.7574,48500
1452626951,615.7400,616.4300,614.7000,615.2699,52800
1452627242,617.3200,617.7600,615.6000,615.6134,42400
1452627540,618.5435,618.9700,616.8751,617.2900,57900
1452627842,617.4810,619.1500,616.7750,618.8891,38600
1452628140,617.3000,618.1000,616.5201,617.3250,30200
1452628497,620.3600,620.4900,616.6400,617.3000,60000
1452628740,619.3100,621.2100,619.1610,620.3700,58200
1452629040,618.8000,619.8220,617.8900,619.4240,33500
1452629343,618.0800,619.3100,617.7400,618.7296,34800
1452629645,618.7300,619.5500,617.9350,618.2100,26600
1452629941,620.0950,620.4200,617.6300,618.8600,50400
1452630241,620.2850,620.5700,619.5200,620.0800,55300
1452630540,619.6390,620.5900,619.2400,620.3400,45500
1452630841,618.8300,619.9500,618.0000,619.1500,49800
1452631141,619.0000,620.1588,618.4700,618.8000,64500
1452631441,619.0200,620.2300,618.4000,618.9800,61200
1452631741,619.9300,620.4000,619.0500,619.1120,81600
1452632042,619.2900,619.9900,619.0211,619.6800,75500
1452632341,617.8900,619.6200,617.8000,619.1540,201600
1452632400,617.8900,617.8900,617.8900,617.8900,234300
1452695640,615.5084,620.8800,614.0100,620.0127,0
1452695941,617.2400,617.6300,614.6400,615.2380,108100
1452696241,613.2500,617.5900,612.5000,617.3900,87500
1452696540,611.4000,614.1200,610.1800,613.3800,91300
1452696840,609.7233,611.6599,608.8300,611.2700,99100
1452697145,609.5050,611.4000,609.4900,609.6996,67700
1452697499,606.0000,609.9200,605.5301,609.5000,117800
1452697743,608.2600,608.2999,605.6700,606.0000,73000
1452698040,604.1900,608.7800,604.0000,608.3000,113400
1452698398,604.1050,605.2428,602.6800,604.4800,96000
1452698640,606.0410,606.8700,604.0000,604.1200,74200
1452698943,605.7970,606.4400,604.6100,606.2500,67100
1452699240,604.5900,605.7300,604.2600,605.5000,48100
1452699540,605.8500,607.3700,604.6950,604.9100,67300
1452699842,606.9488,607.9030,605.4030,605.9975,71700
1452700142,605.1645,606.9500,604.5700,606.9500,57100
1452700440,603.7158,605.7800,603.1250,605.2538,66400
1452700742,603.5000,604.7700,602.9600,603.5900,69700
1452701040,601.2500,603.7100,601.1000,603.5100,110600
1452701341,598.8900,601.5243,598.5000,601.0100,141100
1452701640,601.9700,602.2100,598.5701,598.6300,79800
1452701940,605.1740,605.6700,601.9600,601.9989,88600
1452702243,604.3656,605.8500,603.5600,605.3900,76700
1452702542,603.9572,604.5000,603.4500,604.0250,41000
1452702899,604.8800,605.2499,603.5546,603.7800,41600
1452703141,604.0400,606.4830,604.0350,604.3301,53300
1452703441,605.4240,605.9600,604.1501,604.2600,28400
1452703740,603.3700,605.9400,603.3700,605.7000,38100
1452704099,603.3000,604.4500,602.6180,603.3500,31200
1452704340,601.7300,603.2400,601.0000,603.2400,49600
1452704656,601.1717,602.3000,601.0563,601.7300,49500
1452704945,600.3701,601.9399,600.1300,601.1600,48900
1452705242,601.9600,601.9900,600.0000,600.5400,48400
1452705543,602.0000,603.1400,601.1000,601.7100,52200
1452705848,602.5000,603.3885,601.3000,601.6900,50900
1452706140,601.9700,602.9100,599.9900,602.5500,67900
1452706442,600.5650,601.9900,599.9301,601.7800,39700
1452706745,600.2100,601.7889,600.0952,600.7908,22100
1452707041,601.7900,602.0900,600.1300,600.4000,36600
1452707343,600.8200,602.0800,600.3100,601.9300,64300
1452707644,600.0400,600.7665,599.5800,600.5950,74700
1452707947,600.8499,601.1800,599.8100,600.0100,49600
1452708242,600.6300,601.2500,600.0000,600.7700,26800
1452708544,601.4100,601.8700,600.2600,600.6700,34300
1452708840,601.3600,601.8700,600.5700,601.5200,33400
1452709199,600.1372,601.4900,599.6400,601.3600,43900
1452709441,598.4100,600.1100,598.4100,600.0100,98900
1452709799,597.1600,598.7500,597.0105,598.5400,89800
1452710099,594.6795,597.9400,594.1000,597.1346,125700
1452710340,592.9799,595.8799,592.5701,595.3800,113000
1452710644,591.2300,593.3710,590.5400,592.7460,133700
1452710941,592.2012,592.9700,591.2000,591.3000,84400
1452711242,593.3700,594.3000,591.3600,592.0400,116100
1452711540,590.5600,593.9526,590.2000,593.4600,109200
1452711840,588.2682,591.7100,588.0210,590.8620,169500
1452712142,587.8600,589.9000,585.3100,588.1000,143200
1452712440,584.6067,587.8700,583.0850,587.8700,152200
1452712743,585.2500,585.3350,582.6000,584.2700,123000
1452713040,585.6900,587.0000,584.3100,585.3200,111000
1452713343,586.3600,587.1800,584.5600,585.6900,106300
1452713640,582.7000,586.7800,582.5100,586.2300,104900
1452713999,585.4700,586.2200,582.0005,582.5000,95500
1452714240,582.8900,586.0300,582.2600,585.8100,87900
1452714546,585.9050,586.0000,582.7535,582.7535,132500
1452714840,586.7400,586.9400,584.5600,586.0000,101300
1452715144,588.0900,588.9900,586.3400,587.0000,137800
1452715445,587.9600,589.8000,587.3850,588.0650,120100
1452715799,587.9400,588.9700,587.0500,588.2899,77300
1452716040,586.3500,589.2550,586.3500,587.9000,95300
1452716346,588.6800,589.3000,586.3046,586.3400,110300
1452716640,589.8700,589.8700,588.0000,588.8700,145000
1452716941,589.3700,591.9800,588.9550,589.4200,153000
1452717241,589.2690,590.0867,588.5750,589.2900,103400
1452717540,586.6475,589.6926,585.4100,589.1300,114300
1452717898,584.4000,588.1700,584.1350,586.3600,104100
1452718140,582.0100,585.6000,581.4100,584.1200,153100
1452718445,581.5200,582.5452,579.1600,582.3900,261900
1452718741,581.9100,582.8800,580.1200,581.5700,305000
1452718800,581.8100,581.8100,581.8100,581.8100,319000
1452782040,584.6800,585.4600,580.8200,580.8200,0
1452782341,579.9300,585.5500,579.7000,584.5300,172500
1452782641,581.9900,584.0000,579.3949,579.7500,223500
1452782940,583.1650,585.8800,581.0000,581.8100,170800
1452783243,579.3500,583.9700,579.2750,583.9300,127100
1452783599,570.6600,579.9200,569.8800,579.3200,389600
1452783899,576.0000,576.0000,570.4200,570.9600,339200
1452784142,574.9200,577.9300,574.6000,575.9500,171700
1452784440,578.3500,578.5400,572.3200,574.4800,189300
1452784799,585.4770,585.5000,577.9100,578.2500,210400
1452785040,590.0000,590.0000,583.3900,585.0500,175200
1452785341,591.8900,592.9800,587.8400,590.0000,238600
1452785641,597.2700,598.0300,591.3600,591.7100,224700
1452785940,596.7900,599.9500,595.6000,597.2700,272000
1452786242,597.7756,597.9900,592.8500,597.0900,155300
1452786541,597.0000,598.4700,594.1449,597.9900,92800
1452786845,594.6400,597.7200,594.0600,597.0000,82900
1452787141,588.5300,595.0100,588.5300,594.1700,155000
1452787442,588.7111,589.4400,587.0000,588.5571,113400
1452787740,588.2000,590.9900,587.5000,588.5800,75700
1452788040,590.4300,591.3400,587.7360,587.7360,58700
1452788340,589.1700,591.5200,588.8600,590.5100,106700
1452788648,589.5500,591.5000,588.7600,589.1523,55400
1452788942,589.8700,590.1900,587.7900,589.6150,62200
1452789241,588.2268,590.9799,584.8000,589.9600,51400
1452789541,588.6250,588.8900,585.6342,587.8800,60000
1452789847,591.0000,591.0000,588.0900,588.3150,41700
1452790140,590.0000,591.4999,589.5800,591.0000,52600
1452790442,589.7700,590.4890,588.4320,590.0000,33400
1452790741,592.4900,593.0000,589.7900,590.1200,49000
1452791098,592.8100,594.1100,592.1001,592.1001,77300
1452791342,590.8273,593.1899,590.2500,593.1899,49000
1452791643,591.5000,591.5000,590.0200,590.8972,33600
1452791941,592.6500,593.0000,590.8701,591.2850,43700
1452792253,592.3200,593.3300,590.6000,593.1830,29400
1452792547,591.3900,592.8600,590.4400,592.4650,24900
1452792841,591.3000,592.8305,590.8100,591.9900,27500
1452793145,592.7700,592.7700,590.7800,591.4400,38100
1452793441,591.3300,593.4700,590.5201,592.7700,59900
1452793798,591.7500,592.8498,589.1100,590.6010,51100
1452794040,590.5200,592.2140,589.5000,592.2140,47400
1452794341,590.0700,591.3220,589.6400,590.6061,32400
1452794649,591.5495,591.8090,588.8508,589.8500,19000
1452794942,594.8400,595.2400,591.3600,591.7900,60000
1452795245,594.0100,595.8700,594.0000,595.0800,54400
1452795546,594.9800,594.9800,593.3460,594.0200,32800
1452795850,593.0000,595.8600,592.6400,594.8794,49400
1452796146,593.9650,595.1000,593.0100,593.0110,22500
1452796460,594.5000,595.0500,593.4000,594.2500,32000
1452796742,593.1400,595.4990,592.4550,594.3900,29100
1452797042,592.2200,593.2500,592.2200,593.0690,19900
1452797348,593.1265,593.7400,592.0000,592.3000,30400
1452797644,595.4000,595.6500,593.0300,593.0400,25600
1452797943,596.8700,597.0000,595.4084,595.4100,60200
1452798247,595.0580,597.0000,593.2600,596.8799,69100
1452798544,594.4300,595.3830,593.6100,595.0700,30700
1452798840,596.3000,596.5800,593.2901,594.3330,32900
1452799173,595.8500,597.2100,595.1500,595.9200,40600
1452799442,596.6700,596.6800,594.5110,595.4700,34300
1452799740,596.3799,597.0000,595.5061,596.6800,49600
1452800099,597.7500,598.0200,596.1900,596.1900,66100
1452800343,597.1250,598.0700,596.5000,597.6270,46300
1452800640,598.7299,599.4600,596.9180,596.9180,65500
1452800940,599.3600,599.9300,597.9011,598.3800,55900
1452801240,600.9300,602.2500,599.1900,599.3500,117100
1452801598,600.3495,601.4099,599.9509,600.6200,56400
1452801845,598.7300,600.2910,598.2000,600.2000,53700
1452802142,599.6100,600.9900,598.9900,599.2900,45600
1452802499,598.9300,600.0000,598.9300,599.7360,37000
1452802741,599.4325,600.5100,598.9300,598.9300,48600
1452803040,598.8740,599.7500,597.7900,599.4500,45600
1452803341,595.3300,598.5600,595.3300,598.5300,66500
1452803642,593.5400,595.6350,593.2500,595.2001,73600
1452803941,593.8520,595.7300,593.3600,593.3600,65800
1452804240,594.4600,594.6300,593.0200,593.8500,75400
1452804545,593.3300,594.6900,593.2400,594.6500,93800
1452804844,593.7850,595.2900,592.5500,593.4700,101800
1452805140,593.0000,594.5850,592.3900,593.8180,477700
1452805200,593.0000,593.0000,593.0000,593.0000,0
1452868448,577.0000,579.0000,574.0738,574.1700,0
1452868741,579.4350,580.0000,575.5600,578.1815,223900
1452869045,581.4500,581.9000,577.5200,579.7900,219800
1452869341,583.1000,584.6200,580.2900,580.6100,176900
1452869640,577.2500,583.3850,577.1600,583.3850,143600
1452869942,577.0000,579.0700,576.2300,577.2000,142400
1452870243,577.0650,578.3000,575.1500,576.2201,124200
1452870541,579.5500,580.3600,575.9100,576.8680,130300
1452870846,577.0500,581.5500,576.0000,579.7495,80500
1452871145,577.4700,578.7600,576.5000,576.8100,67700
1452871499,578.0000,580.2899,576.9750,576.9946,89700
1452871741,577.7500,579.7899,577.0000,578.0500,67800
1452872040,576.8000,579.9690,576.2900,578.0000,96700
1452872340,578.8400,579.5000,576.3500,576.7550,54000
1452872647,576.3750,579.4700,576.2200,579.0850,63900
1452872947,576.3400,576.8500,575.0100,576.1300,78100
1452873299,572.9800,576.4025,572.6400,576.3740,114900
1452873541,571.0000,572.9470,570.5100,572.9000,110000
1452873841,570.6600,572.0000,569.6900,570.8715,135000
1452874144,570.0000,571.7500,569.5996,570.6600,110200
1452874499,572.0000,572.2999,569.8000,570.0400,84600
1452874740,571.4850,573.0000,570.7900,571.9460,56400
1452875099,570.0000,572.0600,569.7500,571.3912,73300
1452875340,571.4400,571.9300,569.8800,570.0150,99700
1452875640,572.5000,573.5500,570.6600,571.5596,86400
1452875940,572.3700,573.3000,571.4000,572.5700,61000
1452876240,571.2900,572.6700,570.9200,572.2500,55100
1452876540,571.8401,572.6500,570.4200,571.0900,48400
1452876849,570.9300,572.6700,570.7700,571.8600,33000
1452877143,571.9000,572.2800,570.5300,570.9100,79800
1452877453,572.5800,573.3000,571.6200,571.9200,65300
1452877741,572.9700,573.1900,571.5700,572.2724,41900
1452878097,572.0900,573.7490,571.8900,572.9900,38700
1452878399,569.5500,572.3200,569.5500,572.2413,108200
1452878640,568.7255,570.4500,568.3200,569.6500,69800
1452878940,568.8760,569.6800,567.5800,568.8871,80200
1452879240,565.7454,569.0000,565.5600,568.9700,98800
1452879541,566.5000,566.8000,565.3000,565.8300,76600
1452879841,568.1000,568.3899,565.5600,566.2948,82900
1452880148,568.9900,570.2800,567.7650,568.0062,104300
1452880441,568.4400,569.7900,567.5000,568.8932,65900
1452880740,569.8427,570.5000,568.5800,568.5800,62700
1452881040,570.6100,570.9800,569.3000,569.7000,102600
1452881398,570.6300,570.9700,569.1701,570.6200,88800
1452881691,573.3100,574.5117,570.6888,570.6888,77300
1452881941,574.1600,574.3600,571.7200,573.0000,48100
1452882248,573.4850,574.2800,572.4794,573.9600,61800
1452882542,572.3307,573.5600,571.6500,573.3901,39700
1452882843,571.5900,572.1950,569.7700,572.1950,74600
1452883140,570.6900,571.8600,570.1200,571.8600,43200
1452883441,572.9200,573.4800,570.4700,570.7000,63700
1452883740,572.5350,573.6400,571.6600,573.0258,70700
1452884098,573.7700,574.4600,572.0250,572.3600,89500
1452884361,571.5200,574.0400,571.2500,573.7400,45900
1452884699,570.4850,572.1000,570.4850,571.4100,42500
1452884950,571.3500,571.8000,569.7800,570.4800,80000
1452885249,570.5400,572.7000,570.5100,571.3500,51000
1452885547,570.9399,571.2000,569.5700,570.5400,62200
1452885843,568.5800,570.6600,568.1500,570.5900,54000
1452886145,566.6200,569.9600,566.4100,568.7800,94900
1452886445,567.4050,568.7400,566.2700,566.9900,76100
1452886740,568.0100,568.7500,567.0100,567.1350,52200
1452887040,568.3100,570.3300,568.0000,568.2349,74800
1452887341,569.2800,569.5600,567.6805,568.6300,40200
1452887643,572.4100,572.4100,568.4000,569.5500,80800
1452887941,573.7000,573.7700,571.2900,572.2250,82400
1452888241,574.0500,574.0500,572.3100,573.8000,82400
1452888544,572.6900,575.0000,572.6900,573.8300,103800
1452888843,572.2900,573.0700,570.9600,572.6068,61700
1452889140,569.3219,572.6900,568.7500,572.3200,69100
1452889441,571.6300,571.6699,569.1811,569.4600,41300
1452889755,572.2372,572.4000,571.0002,571.6600,59900
1452890099,571.9300,572.7900,570.0900,572.0000,52000
1452890341,570.9380,572.3700,570.9380,571.3500,55800
1452890642,571.6600,571.6600,570.0600,570.9470,77100
1452890999,571.5300,572.0000,570.8300,571.3001,112700
1452891240,570.9040,571.8200,570.6610,571.2300,112600
1452891540,569.9400,571.5100,569.7600,571.0400,300500
1452891600,570.1800,570.1800,570.1800,570.1800,99900
