1451918099,26.7300,27.1200,26.7300,27.0800,627600
1451918398,26.6800,26.7500,26.6300,26.7299,349600
1451918699,26.6300,26.6800,26.5850,26.6700,244000
1451918940,26.7200,26.7450,26.6200,26.6300,333000
1451919297,26.8300,26.8300,26.7100,26.7150,295500
1451919598,26.7644,26.9000,26.7600,26.8300,225100
1451919899,26.6850,26.7900,26.6800,26.7600,217300
1451920199,26.7000,26.7100,26.6350,26.6800,158400
1451920499,26.7200,26.7650,26.6800,26.7000,256200
1451920740,26.7800,26.8000,26.7200,26.7200,121900
1451921099,26.7700,26.8200,26.7400,26.7700,161000
1451921343,26.8300,26.9100,26.7700,26.7700,260600
1451921640,26.7200,26.8300,26.7200,26.8300,149100
1451921999,26.7000,26.7285,26.6500,26.7100,134200
1451922240,26.6690,26.7000,26.6150,26.6950,158200
1451922540,26.6700,26.6700,26.6300,26.6600,134200
1451922840,26.5700,26.6700,26.5700,26.6650,141000
1451923199,26.5000,26.5650,26.5000,26.5600,191500
1451923498,26.4750,26.5100,26.4500,26.5050,479900
1451923797,26.3600,26.4650,26.3500,26.4650,189200
1451924099,26.3400,26.3600,26.2600,26.3550,359600
1451924399,26.3400,26.3500,26.2900,26.3400,339700
1451924698,26.5200,26.5400,26.3300,26.3400,161400
1451924999,26.4700,26.5100,26.4350,26.5100,253000
1451925299,26.4500,26.5100,26.4100,26.4700,325900
1451925599,26.4300,26.4500,26.3850,26.4500,135200
1451925895,26.4350,26.5200,26.3650,26.4350,513000
1451926199,26.4100,26.4350,26.3850,26.4300,113800
1451926499,26.4500,26.4900,26.3850,26.4100,454700
1451926798,26.3501,26.4500,26.3400,26.4500,492200
1451927041,26.4000,26.4000,26.3400,26.3550,345500
1451927341,26.3850,26.4400,26.3701,26.4000,196400
1451927642,26.3600,26.3900,26.3500,26.3800,190200
1451927999,26.3400,26.3900,26.3400,26.3600,211900
1451928299,26.3700,26.3700,26.3200,26.3400,121100
1451928540,26.3300,26.3650,26.3200,26.3600,137800
1451928899,26.2450,26.3300,26.2300,26.3300,172800
1451929140,26.2400,26.2850,26.2200,26.2400,351100
1451929495,26.2750,26.2800,26.2300,26.2500,172800
1451929799,26.2450,26.2800,26.2300,26.2750,175200
1451930088,26.3200,26.3200,26.2300,26.2500,269800
1451930347,26.2850,26.3300,26.2800,26.3200,120200
1451930695,26.2762,26.3100,26.2600,26.2900,145900
1451930946,26.2550,26.2800,26.2400,26.2710,129700
1451931296,26.2600,26.2700,26.2350,26.2650,220500
1451931597,26.1700,26.2550,26.1650,26.2550,232900
1451931898,26.1800,26.2450,26.1600,26.1700,161700
1451932150,26.2350,26.2600,26.1700,26.1800,112700
1451932442,26.2500,26.2600,26.2200,26.2300,107900
1451932799,26.2500,26.2600,26.2300,26.2400,99600
1451933087,26.2500,26.2700,26.2300,26.2500,122500
1451933342,26.2350,26.2900,26.2300,26.2550,147800
1451933640,26.2000,26.2450,26.2000,26.2400,163000
1451933940,26.1800,26.2300,26.1700,26.2000,127200
1451934241,26.1950,26.2000,26.1800,26.1800,70200
1451934540,26.2050,26.2150,26.1350,26.1950,181800
1451934895,26.2500,26.2500,26.1850,26.2050,109700
1451935196,26.2600,26.2675,26.2300,26.2500,201300
1451935440,26.2900,26.3300,26.2400,26.2600,239100
1451935797,26.3050,26.3400,26.2800,26.2967,76600
1451936099,26.2100,26.3100,26.2100,26.3050,83700
1451936399,26.2300,26.2500,26.2000,26.2200,112100
1451936697,26.1850,26.2350,26.1800,26.2300,77600
1451936999,26.1700,26.2050,26.1600,26.1850,171800
1451937296,26.1300,26.1900,26.1200,26.1700,125400
1451937596,26.1250,26.1400,26.1100,26.1371,191100
1451937899,26.1100,26.1500,26.1000,26.1250,124200
1451938140,26.1250,26.1650,26.0800,26.1050,464200
1451938496,26.1700,26.1750,26.1121,26.1250,210300
1451938798,26.1700,26.1800,26.1600,26.1600,165800
1451939099,26.1100,26.1700,26.1100,26.1700,202200
1451939397,26.1700,26.1700,26.1100,26.1100,240800
1451939699,26.2250,26.2300,26.1600,26.1700,223500
1451939996,26.2500,26.2500,26.2100,26.2250,328300
1451940298,26.3300,26.3300,26.2500,26.2500,271700
1451940599,26.3750,26.3800,26.3100,26.3250,410300
1451940898,26.3600,26.3900,26.3400,26.3800,411700
1451941143,26.4000,26.4000,26.3600,26.3650,2198100
1451941200,26.4300,26.4300,26.4300,26.4300,0
1452004497,26.5150,26.5800,26.4800,26.4800,0
1452004769,26.5950,26.6400,26.5200,26.5200,126000
1452005094,26.7350,26.7350,26.5903,26.6000,139800
1452005398,26.7900,26.8566,26.7300,26.7300,196600
1452005688,26.6500,26.7900,26.6500,26.7900,110400
1452005998,26.5150,26.6550,26.5100,26.6400,116300
1452006298,26.5200,26.5300,26.4800,26.5150,158800
1452006599,26.4750,26.5300,26.4701,26.5200,181300
1452006899,26.5000,26.5100,26.4500,26.4750,374100
1452007197,26.5603,26.6100,26.4900,26.4950,169900
1452007495,26.4600,26.5650,26.4500,26.5600,163600
1452007798,26.3700,26.4600,26.3700,26.4600,240200
1452008097,26.3800,26.4100,26.3400,26.3700,179800
1452008386,26.5000,26.5050,26.3800,26.3800,165700
1452008655,26.4700,26.5400,26.4700,26.5075,124700
1452008999,26.4500,26.4800,26.4400,26.4700,181400
1452009299,26.5100,26.5100,26.4450,26.4500,114200
1452009599,26.4850,26.5100,26.4700,26.5100,135400
1452009895,26.4600,26.5050,26.4500,26.4900,142900
1452010187,26.3900,26.4700,26.3900,26.4600,103800
1452010491,26.3550,26.4000,26.3400,26.4000,80800
1452010740,26.3150,26.3550,26.3100,26.3500,107900
1452011047,26.2750,26.3200,26.2400,26.3150,153700
1452011393,26.2450,26.3050,26.2400,26.2750,161500
1452011698,26.3001,26.3100,26.2200,26.2500,216600
1452011992,26.3350,26.3700,26.2901,26.3100,609400
1452012292,26.2550,26.3400,26.2500,26.3400,103300
1452012598,26.2495,26.2500,26.2025,26.2500,419900
1452012894,26.2100,26.2700,26.2100,26.2400,176400
1452013199,26.2300,26.2500,26.1900,26.2000,136300
1452013495,26.1600,26.2400,26.1600,26.2300,104100
1452013794,26.1060,26.1610,26.1000,26.1600,103700
1452014097,26.1289,26.1400,26.0650,26.1100,389300
1452014399,26.1750,26.1850,26.0900,26.1300,101500
1452014693,26.2050,26.2100,26.1650,26.1750,64000
1452014942,26.2399,26.2400,26.1950,26.2100,64900
1452015299,26.2300,26.2500,26.2100,26.2300,85500
1452015540,26.2850,26.2900,26.2300,26.2300,81700
1452015884,26.1950,26.2850,26.1900,26.2800,85600
1452016140,26.0900,26.1900,26.0900,26.1900,135500
1452016443,26.0400,26.0900,26.0300,26.0900,334000
1452016799,26.0000,26.0500,25.9900,26.0400,488800
1452017043,26.2100,26.2250,25.9900,26.0100,311600
1452017399,26.2050,26.2600,26.1900,26.2100,163100
1452017647,26.1900,26.2400,26.1900,26.2100,110000
1452017999,26.1400,26.1960,26.1350,26.1850,84800
1452018249,26.0850,26.1400,26.0800,26.1400,70900
1452018598,26.0800,26.0900,26.0500,26.0800,547700
1452018852,26.0600,26.0850,26.0400,26.0800,192800
1452019140,26.0800,26.0900,26.0550,26.0600,157200
1452019497,26.1100,26.1200,26.0750,26.0800,254300
1452019743,26.1200,26.1300,26.1000,26.1000,168700
1452020040,26.1500,26.1500,26.1100,26.1300,420100
1452020346,26.1251,26.1550,26.1100,26.1500,112300
1452020698,26.0900,26.1400,26.0750,26.1300,140500
1452020993,26.1200,26.1200,26.0800,26.0900,104700
1452021299,26.1700,26.1800,26.1200,26.1200,248000
1452021598,26.1500,26.1800,26.1350,26.1750,203100
1452021897,26.2450,26.2450,26.1450,26.1450,154700
1452022197,26.1700,26.2499,26.1700,26.2499,168300
1452022493,26.1350,26.1750,26.1300,26.1700,91500
1452022797,26.1450,26.1600,26.1200,26.1350,216900
1452023094,26.1100,26.1450,26.1100,26.1450,107700
1452023399,26.1250,26.1300,26.0900,26.1200,271000
1452023641,26.1000,26.1300,26.1000,26.1200,102600
1452023993,26.0650,26.1100,26.0600,26.1050,117300
1452024299,25.9800,26.0600,25.9800,26.0500,278600
1452024599,25.9400,25.9900,25.9400,25.9800,313800
1452024842,26.0650,26.0650,25.9400,25.9500,280900
1452025140,25.9550,26.0670,25.9400,26.0650,247600
1452025440,26.0200,26.0250,25.9400,25.9600,237100
1452025740,26.1100,26.1100,26.0000,26.0100,240300
1452026095,26.0850,26.1400,26.0700,26.1150,280100
1452026399,26.0700,26.1000,26.0550,26.0850,230300
1452026698,26.1550,26.2000,26.0750,26.0800,411200
1452026940,26.1600,26.1600,26.1200,26.1550,261300
1452027299,26.1450,26.1900,26.1300,26.1800,405700
1452027543,26.1050,26.1700,26.1000,26.1500,1400200
1452027600,26.1200,26.1200,26.1200,26.1200,0
1452090899,26.2400,26.3500,25.8300,25.8350,0
1452091199,26.2850,26.3800,26.2300,26.2600,992300
1452091447,26.2300,26.2900,26.1650,26.2800,161200
1452091797,26.1500,26.2375,26.1000,26.2375,222900
1452092093,26.0942,26.1600,26.0600,26.1600,197600
1452092391,26.0700,26.1100,26.0365,26.1000,127700
1452092695,25.9900,26.0650,25.9600,26.0600,178300
1452092994,26.0700,26.0800,25.9850,25.9900,138600
1452093297,26.0700,26.0800,26.0050,26.0701,64800
1452093588,26.1301,26.1400,26.0450,26.0700,80900
1452093897,26.2875,26.3200,26.1300,26.1400,289100
1452094142,26.3700,26.4200,26.2800,26.2900,126500
1452094441,26.3700,26.3800,26.3300,26.3700,105000
1452094799,26.4050,26.4100,26.3200,26.3800,156900
1452095099,26.5400,26.5500,26.4000,26.4050,407900
1452095388,26.4603,26.6000,26.4500,26.5400,171000
1452095699,26.4100,26.4700,26.4000,26.4700,80700
1452095997,26.5100,26.5200,26.4100,26.4100,57900
1452096240,26.5200,26.5300,26.4650,26.5000,62600
1452096595,26.4100,26.5250,26.4100,26.5250,142600
1452096899,26.4200,26.4300,26.3850,26.4050,381400
1452097198,26.5000,26.5250,26.4100,26.4250,181100
1452097492,26.5300,26.5800,26.5000,26.5000,98100
1452097797,26.5300,26.5550,26.4850,26.5400,63000
1452098043,26.5600,26.5700,26.4700,26.5300,142900
1452098399,26.5500,26.5800,26.5400,26.5600,89100
1452098692,26.5400,26.6600,26.5300,26.5500,168800
1452098943,26.6500,26.6500,26.5350,26.5350,191900
1452099245,26.5800,26.6500,26.5500,26.6400,88300
1452099544,26.5600,26.5900,26.5000,26.5800,202600
1452099899,26.5500,26.5800,26.5500,26.5600,84700
1452100197,26.5800,26.5900,26.5250,26.5500,77900
1452100496,26.6000,26.6100,26.5500,26.5750,62300
1452100793,26.5562,26.6100,26.5450,26.6067,48500
1452101046,26.5300,26.5550,26.5000,26.5550,66800
1452101344,26.5000,26.5200,26.4600,26.5200,82200
1452101697,26.5500,26.5550,26.4850,26.5000,47600
1452101993,26.6028,26.6100,26.5300,26.5500,133700
1452102299,26.5100,26.6300,26.5000,26.6050,122400
1452102543,26.5100,26.5500,26.4932,26.5101,55900
1452102841,26.5100,26.5450,26.5000,26.5200,82700
1452103149,26.5000,26.5200,26.5000,26.5100,44000
1452103488,26.5100,26.5100,26.4750,26.5000,67300
1452103795,26.5050,26.5100,26.4800,26.5000,98700
1452104097,26.4601,26.5100,26.4601,26.5100,118300
1452104387,26.4343,26.4700,26.4300,26.4600,34900
1452104641,26.4900,26.4900,26.4300,26.4300,74500
1452104946,26.4900,26.5050,26.4750,26.4801,48200
1452105276,26.4750,26.4950,26.4600,26.4900,67100
1452105575,26.4700,26.5100,26.4700,26.4750,50800
1452105898,26.4650,26.5200,26.4650,26.4700,76000
1452106148,26.4500,26.4650,26.4400,26.4650,121800
1452106488,26.4650,26.4800,26.4300,26.4400,62200
1452106798,26.4700,26.5000,26.4700,26.4700,72700
1452107045,26.5100,26.5150,26.4450,26.4700,134000
1452107348,26.5200,26.5200,26.4725,26.5100,100500
1452107646,26.4900,26.5199,26.4600,26.5100,72000
1452107941,26.5000,26.5100,26.4750,26.4900,63000
1452108299,26.4450,26.5100,26.4400,26.5000,94400
1452108596,26.4599,26.4700,26.4300,26.4500,75100
1452108870,26.4485,26.4700,26.4300,26.4500,67200
1452109140,26.4200,26.4650,26.4200,26.4500,51400
1452109440,26.3140,26.4300,26.2950,26.4277,122300
1452109799,26.2600,26.3110,26.2250,26.3110,103200
1452110090,26.2750,26.2850,26.2400,26.2400,92700
1452110346,26.2300,26.2750,26.2300,26.2700,95200
1452110671,26.2612,26.2700,26.2225,26.2350,115500
1452110998,26.2950,26.3200,26.2710,26.2710,70900
1452111299,26.3200,26.3350,26.2800,26.2900,192700
1452111598,26.3700,26.3700,26.2900,26.3200,112200
1452111841,26.4400,26.4500,26.3700,26.3700,223600
1452112198,26.4400,26.4550,26.3900,26.4300,149600
1452112442,26.4400,26.4800,26.4200,26.4318,229600
1452112799,26.4800,26.4800,26.4300,26.4400,129500
1452113099,26.4350,26.4850,26.4200,26.4750,193600
1452113399,26.4100,26.4500,26.3909,26.4350,206600
1452113699,26.3800,26.4075,26.3400,26.4050,373600
1452113940,26.4100,26.4200,26.3700,26.3900,1349800
1452114000,26.4100,26.4100,26.4100,26.4100,0
1452177247,25.8300,25.8850,25.7700,25.7700,0
1452177596,25.9450,25.9900,25.8145,25.8300,145400
1452177899,26.1200,26.1300,25.8900,25.9400,287000
1452178191,26.2500,26.2500,26.1000,26.1100,251700
1452178441,26.4162,26.4700,26.2350,26.2362,480500
1452178797,26.2400,26.4150,26.2400,26.4100,152100
1452179098,26.1750,26.2700,26.1500,26.2400,180800
1452179342,26.2000,26.2400,26.1400,26.1700,136600
1452179698,26.1200,26.1935,26.1000,26.1935,130400
1452179998,26.2350,26.2400,26.1150,26.1150,108100
1452180299,26.2550,26.2700,26.2050,26.2350,249300
1452180599,26.2800,26.3050,26.2450,26.2600,147800
1452180840,26.3450,26.3600,26.2750,26.2750,148700
1452181198,26.3400,26.3700,26.3200,26.3400,121000
1452181498,26.2600,26.3400,26.2500,26.3400,123400
1452181798,26.3000,26.3150,26.2500,26.2650,106800
1452182099,26.3450,26.3600,26.2900,26.2900,97700
1452182398,26.3750,26.4200,26.3500,26.3500,132900
1452182699,26.3000,26.4000,26.3000,26.3700,96400
1452182999,26.2250,26.3000,26.2250,26.3000,104300
1452183298,26.1400,26.2500,26.1325,26.2200,125600
1452183599,26.1200,26.1700,26.1200,26.1500,58200
1452183894,26.0850,26.1750,26.0600,26.1250,79400
1452184188,26.0925,26.1090,26.0700,26.0850,66500
1452184448,26.1100,26.1350,26.0950,26.1000,61000
1452184791,26.1050,26.1200,26.0800,26.1100,87300
1452185093,26.1250,26.1500,26.0900,26.1050,70900
1452185391,26.0501,26.1200,26.0350,26.1200,113000
1452185699,26.0250,26.0650,26.0150,26.0600,73500
1452185981,26.0130,26.0500,26.0100,26.0300,51700
1452186299,26.0500,26.0700,26.0000,26.0100,62800
1452186595,26.0850,26.1000,26.0100,26.0550,68600
1452186898,26.0450,26.0950,26.0100,26.0700,43700
1452187143,26.0950,26.1000,26.0300,26.0450,57700
1452187442,26.0500,26.1050,26.0450,26.0950,58600
1452187794,26.0150,26.0450,26.0100,26.0427,33400
1452188093,26.0450,26.0500,26.0000,26.0100,47400
1452188388,26.0100,26.0450,26.0000,26.0400,89600
1452188643,25.9600,26.0200,25.9600,26.0050,47200
1452188951,26.0100,26.0301,25.9500,25.9600,48300
1452189293,26.0000,26.0400,25.9900,26.0150,58900
1452189545,25.9600,26.0100,25.9300,26.0000,59500
1452189894,25.9400,25.9699,25.9000,25.9600,88900
1452190193,25.8900,25.9459,25.8600,25.9400,93000
1452190441,25.8500,25.8850,25.8050,25.8850,67600
1452190793,25.8000,25.8600,25.7750,25.8500,100000
1452191040,25.7950,25.8000,25.7200,25.7950,130800
1452191341,25.8250,25.8400,25.7950,25.8000,104600
1452191699,25.7750,25.8400,25.7450,25.8200,268200
1452191999,25.6650,25.7850,25.6000,25.7800,119800
1452192297,25.7150,25.7200,25.6100,25.6650,187500
1452192599,25.7900,25.7900,25.7150,25.7200,65200
1452192899,25.7850,25.8050,25.7500,25.7900,94100
1452193145,25.6750,25.7950,25.6700,25.7700,88000
1452193498,25.6400,25.7000,25.6110,25.6850,76700
1452193745,25.6650,25.6950,25.6150,25.6400,109700
1452194097,25.6950,25.7300,25.6400,25.6650,205900
1452194340,25.7700,25.7700,25.6900,25.7000,161500
1452194640,25.7600,25.7950,25.7500,25.7670,111000
1452194941,25.6800,25.7800,25.6800,25.7500,79400
1452195241,25.6900,25.7500,25.6600,25.6800,77600
1452195598,25.8450,25.8500,25.7000,25.7000,174600
1452195895,25.8900,25.9000,25.8200,25.8500,243800
1452196143,25.9000,25.9200,25.8700,25.8883,165100
1452196499,25.8950,25.9100,25.8350,25.9050,124300
1452196796,25.8800,25.9400,25.8700,25.8950,164700
1452197099,25.9300,25.9300,25.8000,25.8700,437400
1452197340,25.9900,25.9900,25.9250,25.9300,283900
1452197640,25.9200,26.0100,25.8950,25.9900,149400
1452197940,25.8600,25.9250,25.8110,25.9210,154700
1452198299,25.8100,25.8600,25.7800,25.8600,126700
1452198599,25.7600,25.8150,25.7400,25.8150,107900
1452198899,25.8400,25.8600,25.7500,25.7600,179200
1452199198,25.8550,25.8850,25.8200,25.8550,227600
1452199499,25.7700,25.8463,25.7700,25.8463,260100
1452199799,25.8200,25.8600,25.7700,25.7700,117300
1452200099,25.7300,25.8100,25.7300,25.7900,725000
1452200340,25.7025,25.8000,25.6800,25.7300,2589000
1452200400,25.6900,25.6900,25.6900,25.6900,0
1452263699,26.1100,26.1600,25.8500,26.0000,0
1452263998,25.9300,26.1050,25.9000,26.1050,106600
1452264299,25.9300,26.0001,25.9024,25.9300,114100
1452264599,26.0400,26.0650,25.9100,25.9300,55900
1452264898,25.9700,26.0450,25.9700,26.0400,115100
1452265198,26.0400,26.0700,25.9600,25.9700,173100
1452265498,25.9400,26.0800,25.9300,26.0400,132900
1452265799,25.8500,25.9500,25.8500,25.9400,80300
1452266099,25.8550,25.8800,25.8250,25.8450,76500
1452266398,25.9150,25.9500,25.8500,25.8600,52300
1452266642,25.9400,25.9450,25.8900,25.9101,68900
1452266998,25.9850,26.0100,25.9300,25.9400,108500
1452267299,25.9950,26.0450,25.9850,25.9900,133800
1452267598,25.8990,25.9950,25.8900,25.9950,62100
1452267899,25.8900,25.9300,25.8900,25.9000,48800
1452268196,25.9850,25.9950,25.8800,25.8900,54200
1452268442,25.9300,25.9900,25.9300,25.9800,57800
1452268799,25.9600,26.0000,25.9200,25.9340,113300
1452269098,25.9600,26.0100,25.9500,25.9600,67000
1452269341,25.9150,25.9950,25.9000,25.9700,65900
1452269698,25.8900,25.9300,25.8700,25.9100,54300
1452269941,25.8679,25.9050,25.8550,25.8900,43800
1452270240,25.8650,25.8800,25.8200,25.8700,71500
1452270598,25.8122,25.8700,25.8000,25.8600,83600
1452270899,25.7600,25.8500,25.7600,25.8200,88800
1452271142,25.8350,25.8400,25.7400,25.7600,62300
1452271442,25.8500,25.8600,25.7800,25.8400,83600
1452271788,25.9150,25.9150,25.8300,25.8400,74900
1452272091,25.9700,25.9750,25.9000,25.9100,70300
1452272399,25.9900,26.0200,25.9600,25.9700,85100
1452272698,25.9800,26.0200,25.9600,25.9950,63700
1452272942,26.0600,26.0750,25.9800,25.9800,56200
1452273241,26.0600,26.0700,26.0400,26.0650,59200
1452273547,26.0900,26.1300,26.0700,26.0828,79300
1452273840,26.1300,26.1450,26.0900,26.0950,65800
1452274193,26.1250,26.1400,26.1000,26.1200,68900
1452274493,26.0200,26.1150,26.0200,26.1100,40200
1452274796,26.0700,26.0900,26.0100,26.0200,224200
1452275042,26.0350,26.0900,26.0300,26.0700,65400
1452275394,26.1100,26.1200,26.0300,26.0400,75400
1452275640,26.1100,26.1200,26.0700,26.1200,65900
1452275997,26.0750,26.1150,26.0700,26.1000,69400
1452276299,26.0300,26.0850,26.0300,26.0700,158600
1452276590,25.9999,26.0300,25.9800,26.0300,103900
1452276889,26.0000,26.0000,25.9650,25.9925,112200
1452277199,26.0200,26.0200,25.9700,25.9950,76400
1452277498,25.9700,26.0250,25.9600,26.0100,91600
1452277792,25.9800,26.0000,25.9400,25.9700,80000
1452278098,26.0090,26.0100,25.9750,25.9800,74200
1452278342,26.0000,26.0100,26.0000,26.0100,65100
1452278697,26.0300,26.0400,26.0000,26.0000,106200
1452278997,25.9750,26.0350,25.9700,26.0350,95200
1452279240,26.0100,26.0200,25.9800,25.9800,148900
1452279599,26.0050,26.0400,25.9900,26.0100,74100
1452279845,26.0600,26.0700,26.0000,26.0000,71700
1452280199,26.0000,26.0600,26.0000,26.0550,100000
1452280499,25.9700,26.0050,25.9500,26.0050,201200
1452280741,25.9900,26.0000,25.9500,25.9700,94100
1452281099,25.9500,25.9950,25.9400,25.9900,90700
1452281399,25.9300,25.9400,25.9150,25.9201,71700
1452281697,25.9230,25.9500,25.9200,25.9200,136200
1452281998,25.8600,25.9250,25.8600,25.9250,97700
1452282242,25.9300,25.9300,25.8600,25.8650,300800
1452282596,25.9250,25.9750,25.9200,25.9200,145400
1452282899,25.8900,25.9250,25.8550,25.9200,234200
1452283192,25.8650,25.8900,25.8500,25.8900,98100
1452283499,25.9300,25.9450,25.8600,25.8650,143200
1452283799,25.9000,25.9400,25.8900,25.9212,122200
1452284099,25.9100,25.9200,25.8430,25.9000,167800
1452284399,25.8800,25.9350,25.8800,25.9000,152000
1452284685,25.8850,25.8900,25.8650,25.8800,108300
1452284998,25.8700,25.9000,25.8450,25.8800,148700
1452285290,25.8400,25.8650,25.8100,25.8650,148100
1452285596,25.8100,25.8500,25.7850,25.8350,200100
1452285840,25.7600,25.8300,25.7600,25.8050,281100
1452286199,25.6900,25.7600,25.6900,25.7600,233100
1452286497,25.6775,25.7500,25.6750,25.6900,321300
1452286740,25.6850,25.7100,25.6700,25.6800,2708100
1452286800,25.7500,25.7500,25.7500,25.7500,0
1452522897,25.8800,26.0150,25.8750,25.9400,0
1452523196,25.9200,25.9400,25.8400,25.8500,104100
1452523441,25.9600,25.9700,25.8600,25.9300,144500
1452523798,25.8900,25.9700,25.8900,25.9650,106100
1452524041,25.9000,25.9225,25.8600,25.8950,102100
1452524395,25.8600,25.9000,25.8300,25.9000,106700
1452524697,25.8901,25.9100,25.8500,25.8550,106700
1452524941,25.9200,25.9500,25.8900,25.8900,147400
1452525299,25.9150,25.9400,25.9000,25.9300,100700
1452525594,25.8950,25.9200,25.8650,25.9150,87600
1452525841,25.9600,25.9600,25.8943,25.9000,115500
1452526143,25.9500,25.9800,25.9350,25.9700,104700
1452526499,26.0450,26.0450,25.9550,25.9600,141500
1452526745,26.0600,26.0900,26.0200,26.0400,153500
1452527099,26.0650,26.0800,26.0400,26.0600,113900
1452527396,26.0000,26.0638,25.9900,26.0600,80900
1452527645,25.9200,26.0100,25.9050,26.0000,76800
1452527999,25.8900,25.9400,25.8750,25.9200,103400
1452528296,25.8600,25.9050,25.8600,25.8850,104100
1452528599,25.8200,25.8650,25.8000,25.8643,60100
1452528899,25.8600,25.8700,25.8150,25.8231,104400
1452529199,25.8600,25.8850,25.8500,25.8600,68200
1452529499,25.8800,25.9000,25.8400,25.8600,108700
1452529798,25.9050,25.9150,25.8600,25.8800,60700
1452530043,25.8900,25.9150,25.8650,25.9050,75600
1452530398,25.9500,25.9650,25.8800,25.8900,104500
1452530641,25.9347,25.9900,25.9300,25.9500,76100
1452530998,25.9800,25.9900,25.9200,25.9350,69900
1452531240,26.0200,26.0300,25.9650,25.9900,70100
1452531598,25.9900,26.0250,25.9778,26.0100,74400
1452531894,25.9600,25.9970,25.9600,25.9900,63400
1452532142,25.9250,25.9650,25.9200,25.9550,70300
1452532492,25.8900,25.9350,25.8900,25.9200,41400
1452532761,25.8850,25.9100,25.8700,25.8900,83100
1452533098,25.8600,25.8900,25.8400,25.8800,68500
1452533389,25.8300,25.8700,25.8250,25.8600,60300
1452533696,25.9150,25.9200,25.8300,25.8300,89600
1452533986,25.9300,25.9600,25.9100,25.9100,156400
1452534244,25.9450,25.9500,25.9000,25.9250,90700
1452534544,25.9500,25.9700,25.9400,25.9500,63500
1452534898,25.9200,25.9700,25.9200,25.9550,64700
1452535143,25.9400,25.9500,25.9000,25.9200,73000
1452535454,25.9900,25.9950,25.9350,25.9450,73100
1452535798,25.9600,26.0000,25.9600,25.9805,68200
1452536096,25.9150,25.9900,25.9000,25.9600,103400
1452536341,25.9550,25.9550,25.9100,25.9100,95900
1452536644,25.9400,25.9600,25.9400,25.9600,67800
1452536998,25.9000,25.9600,25.9000,25.9400,133700
1452537298,25.9100,25.9400,25.9000,25.9000,87400
1452537598,25.8800,25.9201,25.8600,25.9100,126400
1452537899,25.8750,25.9000,25.8600,25.8850,93600
1452538197,25.8100,25.8800,25.8050,25.8700,99500
1452538499,25.8550,25.8650,25.7950,25.8200,118400
1452538799,25.8450,25.8600,25.8400,25.8600,110900
1452539099,25.9050,25.9150,25.8450,25.8500,257700
1452539399,25.8950,25.9250,25.8800,25.9050,134600
1452539699,25.8800,25.9450,25.8800,25.8950,152700
1452539999,25.9400,25.9600,25.8800,25.8800,149500
1452540241,25.9800,25.9900,25.9300,25.9400,117500
1452540541,26.0151,26.0200,25.9600,25.9850,131300
1452540843,26.0200,26.0400,26.0000,26.0100,94900
1452541198,26.0436,26.0700,25.9900,26.0250,121000
1452541497,26.0400,26.0700,26.0200,26.0400,105700
1452541743,26.0200,26.0500,26.0000,26.0433,104400
1452542047,25.9750,26.0300,25.9700,26.0100,88500
1452542340,25.9850,25.9900,25.9600,25.9750,101100
1452542699,25.9750,26.0100,25.9600,25.9900,142800
1452542940,25.9500,25.9700,25.9000,25.9700,166000
1452543246,25.9000,25.9450,25.8900,25.9450,135000
1452543540,25.9200,25.9300,25.8600,25.9100,184200
1452543899,26.0200,26.0200,25.9100,25.9199,188900
1452544197,26.1400,26.1600,26.0100,26.0150,222600
1452544440,26.2000,26.2150,26.1250,26.1400,228800
1452544798,26.2000,26.2400,26.1500,26.2000,291100
1452545099,26.2000,26.2400,26.1600,26.1950,365500
1452545399,26.1295,26.2100,26.0850,26.2000,328700
1452545698,26.1550,26.1700,26.1200,26.1200,562400
1452545941,26.1200,26.1600,26.1150,26.1600,2392600
1452546000,26.1000,26.1000,26.1000,26.1000,0
1452609251,26.2200,26.2300,26.0950,26.1200,0
1452609545,26.2500,26.3050,26.2100,26.2200,134800
1452609899,26.3200,26.3300,26.2400,26.2500,108100
1452610199,26.3550,26.3800,26.3250,26.3250,97300
1452610497,26.3300,26.4000,26.3100,26.3800,110600
1452610799,26.3300,26.3800,26.2900,26.3200,106200
1452611099,26.3100,26.3900,26.3000,26.3300,92700
1452611399,26.2000,26.3350,26.2000,26.3100,132900
1452611699,26.1650,26.2500,26.1650,26.2100,122400
1452611955,26.1900,26.1900,26.1150,26.1700,131200
1452612242,26.1450,26.2000,26.1200,26.1900,143700
1452612590,26.2100,26.2200,26.1300,26.1400,80200
1452612840,26.2600,26.3050,26.2050,26.2050,228200
1452613193,26.2200,26.2800,26.2200,26.2600,85100
1452613441,26.1550,26.2400,26.1200,26.2300,135100
1452613798,26.0700,26.1550,26.0700,26.1550,99600
1452614095,26.1250,26.1250,26.0550,26.0750,51300
1452614340,26.1400,26.1650,26.1200,26.1200,90900
1452614695,26.1000,26.1450,26.0800,26.1300,80600
1452614998,26.0900,26.1050,26.0400,26.1000,72400
1452615256,26.0250,26.0900,26.0100,26.0800,117000
1452615544,26.0600,26.0600,26.0000,26.0200,83300
1452615896,26.0415,26.0700,26.0400,26.0550,61000
1452616198,26.0850,26.0850,26.0250,26.0400,57900
1452616499,26.0600,26.0850,26.0300,26.0800,71700
1452616744,26.0000,26.0600,25.9900,26.0600,76400
1452617098,26.0350,26.0399,26.0000,26.0050,81500
1452617399,26.0800,26.0900,26.0250,26.0300,60800
1452617648,26.0550,26.1000,26.0550,26.0800,71400
1452617944,26.0800,26.1000,26.0500,26.0500,49400
1452618241,26.1450,26.1500,26.0700,26.0750,55600
1452618540,26.1200,26.1600,26.1200,26.1490,94400
1452618899,26.1101,26.1239,26.0700,26.1200,41600
1452619143,26.0500,26.1150,26.0500,26.1100,60400
1452619499,26.0200,26.0700,26.0200,26.0600,35600
1452619799,26.0500,26.0900,26.0200,26.0200,62200
1452620099,26.0300,26.0900,26.0300,26.0500,72500
1452620394,26.0200,26.0400,25.9900,26.0300,143800
1452620698,26.0000,26.0201,25.9700,26.0100,63400
1452620998,26.0750,26.0800,25.9899,26.0000,76500
1452621273,26.0950,26.1050,26.0600,26.0800,56100
1452621547,26.0600,26.0950,26.0600,26.0900,55100
1452621899,26.0850,26.1000,26.0100,26.0700,199700
1452622198,26.1100,26.1301,26.0700,26.0850,66200
1452622496,26.1600,26.1700,26.0900,26.1000,47000
1452622740,26.1400,26.1550,26.1200,26.1500,56100
1452623093,26.0800,26.1400,26.0700,26.1400,84300
1452623398,26.0500,26.0900,26.0400,26.0738,81600
1452623696,26.0500,26.0700,26.0150,26.0400,88800
1452623942,26.0550,26.0700,26.0300,26.0500,61400
1452624290,26.1100,26.1100,26.0400,26.0600,49800
1452624594,26.1000,26.1200,26.0900,26.1099,95300
1452624898,26.0600,26.1350,26.0500,26.1100,102500
1452625140,25.9900,26.0800,25.9800,26.0600,136600
1452625497,25.9410,26.0100,25.9300,25.9950,123200
1452625799,25.9700,25.9800,25.9200,25.9400,68800
1452626093,25.9700,26.0050,25.9600,25.9700,84600
1452626393,25.9450,25.9750,25.9250,25.9700,118300
1452626640,26.0000,26.0150,25.9300,25.9400,90300
1452626997,26.0300,26.0650,26.0050,26.0100,106800
1452627242,26.0950,26.1000,26.0200,26.0300,98500
1452627597,26.1450,26.1700,26.0900,26.0900,82500
1452627898,26.0900,26.1500,26.0750,26.1500,91800
1452628143,26.0850,26.1100,26.0700,26.0900,83700
1452628495,26.1650,26.1700,26.0750,26.0900,113500
1452628797,26.1800,26.2050,26.1650,26.1650,81900
1452629041,26.1350,26.1900,26.1150,26.1750,85600
1452629399,26.1100,26.1600,26.1050,26.1400,122100
1452629698,26.1100,26.1300,26.0900,26.1100,161800
1452629940,26.1900,26.1900,26.0900,26.1100,107200
1452630295,26.2750,26.2900,26.1900,26.2000,205700
1452630597,26.2500,26.3000,26.2450,26.2850,120100
1452630842,26.2400,26.2700,26.2100,26.2300,101500
1452631196,26.2300,26.2900,26.2300,26.2500,224800
1452631499,26.3000,26.3100,26.2000,26.2200,173000
1452631740,26.2800,26.3250,26.2500,26.2900,223100
1452632043,26.2500,26.2900,26.2350,26.2800,218800
1452632341,26.2350,26.2700,26.2300,26.2600,1584700
1452632400,26.2100,26.2100,26.2100,26.2100,0
1452695658,26.3700,26.4100,26.3150,26.4100,0
1452695999,26.4000,26.4500,26.3600,26.4000,143300
1452696299,26.3400,26.4100,26.3300,26.3950,94700
1452696540,26.2900,26.3500,26.2700,26.3310,77000
1452696847,26.2400,26.3000,26.2100,26.2850,77300
1452697199,26.2500,26.2900,26.2250,26.2400,86700
1452697498,26.1900,26.2900,26.1500,26.2500,123200
1452697797,26.2000,26.2000,26.1500,26.2000,60500
1452698041,26.1100,26.2200,26.1000,26.2000,87700
1452698399,26.2200,26.2200,26.1000,26.1000,89900
1452698699,26.3100,26.3100,26.2200,26.2200,143200
1452698995,26.2600,26.3200,26.2225,26.3100,126700
1452699299,26.1350,26.2500,26.1300,26.2500,134200
1452699544,26.1200,26.1750,26.1200,26.1325,85300
1452699899,26.1800,26.2060,26.1200,26.1200,125900
1452700141,26.1700,26.1950,26.1400,26.1800,180000
1452700491,26.1400,26.2000,26.1200,26.1700,121600
1452700799,26.1600,26.1700,26.1100,26.1400,127700
1452701099,26.0600,26.1600,26.0600,26.1600,109900
1452701397,26.0200,26.0900,26.0000,26.0700,128700
1452701695,26.1000,26.1150,26.0150,26.0185,81000
1452701999,26.1600,26.1600,26.1000,26.1050,115800
1452702299,26.0800,26.1650,26.0600,26.1600,78700
1452702599,26.0500,26.0800,26.0399,26.0700,75500
1452702898,26.0450,26.1000,25.9900,26.0500,202300
1452703143,26.0650,26.1150,26.0400,26.0500,126900
1452703493,26.1000,26.1200,26.0500,26.0650,89100
1452703799,26.0150,26.1139,26.0100,26.1100,187100
1452704091,25.9900,26.0400,25.9750,26.0200,64400
1452704398,25.9550,25.9900,25.9100,25.9900,63700
1452704675,25.9500,25.9800,25.9500,25.9600,28400
1452704994,25.8900,25.9600,25.8710,25.9500,80300
1452705295,25.9750,25.9800,25.8850,25.9100,56600
1452705595,25.9450,26.0000,25.9300,25.9700,81700
1452705899,25.9800,25.9950,25.9235,25.9450,82800
1452706199,25.9700,25.9800,25.9200,25.9800,68600
1452706495,25.9100,25.9700,25.9000,25.9700,57600
1452706740,25.8800,25.9200,25.8800,25.9100,38400
1452707048,25.8900,25.9100,25.8600,25.8800,41900
1452707397,25.8800,25.9000,25.8700,25.8900,33900
1452707644,25.8400,25.8850,25.8200,25.8800,46900
1452707946,25.8300,25.8550,25.8000,25.8500,66100
1452708249,25.8500,25.8500,25.8100,25.8300,45900
1452708540,25.8800,25.8900,25.8350,25.8500,45500
1452708890,25.9000,25.9200,25.8600,25.8800,97300
1452709191,25.8501,25.9050,25.8500,25.9000,48800
1452709497,25.8100,25.8700,25.8100,25.8600,60800
1452709799,25.7400,25.8199,25.7400,25.8100,84000
1452710040,25.7600,25.7800,25.7400,25.7400,55000
1452710342,25.6700,25.7800,25.6700,25.7700,72400
1452710696,25.5750,25.6700,25.5700,25.6700,229600
1452710997,25.5000,25.5800,25.4900,25.5700,253700
1452711247,25.5300,25.5550,25.4900,25.4900,83900
1452711596,25.4750,25.5550,25.4600,25.5250,242400
1452711841,25.4400,25.5000,25.4200,25.4800,408600
1452712196,25.4250,25.4600,25.3600,25.4400,182900
1452712441,25.4400,25.4800,25.3900,25.4200,135400
1452712740,25.4300,25.4650,25.3700,25.4400,137200
1452713099,25.4350,25.4800,25.3850,25.4200,84000
1452713398,25.5150,25.5350,25.4250,25.4350,113900
1452713642,25.3400,25.5100,25.3300,25.5100,169700
1452713946,25.4000,25.4200,25.3200,25.3400,109200
1452714241,25.2800,25.4000,25.2600,25.4000,126100
1452714598,25.3700,25.3800,25.2800,25.2800,114900
1452714840,25.5000,25.5000,25.3700,25.3700,95600
1452715195,25.4900,25.5250,25.4700,25.4900,106400
1452715442,25.4800,25.5200,25.4450,25.4900,124900
1452715799,25.4850,25.5300,25.4650,25.4900,106300
1452716041,25.4500,25.4900,25.4500,25.4800,132100
1452716341,25.5250,25.5500,25.4500,25.4500,109000
1452716696,25.5600,25.5600,25.5200,25.5300,151200
1452716999,25.5400,25.6100,25.5400,25.5600,132000
1452717299,25.5400,25.5500,25.5100,25.5400,127300
1452717540,25.5200,25.5400,25.4600,25.5400,318000
1452717896,25.4900,25.5700,25.4850,25.5250,224400
1452718198,25.4250,25.5000,25.4200,25.4950,348600
1452718499,25.4200,25.4300,25.3700,25.4250,273800
1452718743,25.4150,25.4700,25.3900,25.4200,2387800
1452718800,25.4100,25.4100,25.4100,25.4100,0
1452782099,25.3701,25.5000,25.3100,25.4400,0
1452782399,25.2400,25.3800,25.2400,25.3600,81700
1452782642,25.4000,25.4000,25.2200,25.2300,123400
1452782941,25.3600,25.4401,25.3400,25.4000,201700
1452783240,25.1450,25.3650,25.1150,25.3600,454700
1452783599,25.0400,25.1700,24.9500,25.1450,477700
1452783899,25.1600,25.1600,25.0150,25.0400,149500
1452784186,25.1400,25.2400,25.1150,25.1550,116500
1452784498,25.2700,25.2750,25.0550,25.1400,173900
1452784743,25.4600,25.4650,25.2600,25.2740,226400
1452785098,25.5000,25.5050,25.3600,25.4600,123400
1452785395,25.5650,25.5750,25.4300,25.5000,152100
1452785693,25.6050,25.6600,25.5200,25.5600,117600
1452785996,25.6150,25.6900,25.5950,25.6150,119100
1452786299,25.7200,25.7200,25.5650,25.6200,77300
1452786599,25.7100,25.7450,25.6450,25.7200,81900
1452786853,25.6000,25.7100,25.6000,25.7050,94700
1452787199,25.5200,25.6100,25.5200,25.6000,83200
1452787498,25.5150,25.5500,25.4750,25.5200,138300
1452787793,25.5550,25.5900,25.4950,25.5100,53700
1452788092,25.5950,25.6100,25.5400,25.5700,61800
1452788396,25.4800,25.6000,25.4700,25.6000,88500
1452788640,25.4500,25.5150,25.4300,25.4700,125400
1452788940,25.5100,25.5200,25.4250,25.4550,81600
1452789298,25.4600,25.5550,25.4450,25.5200,82300
1452789597,25.4800,25.4900,25.4150,25.4600,67700
1452789896,25.5350,25.5550,25.4800,25.4800,92000
1452790199,25.5100,25.5600,25.4800,25.5400,273400
1452790498,25.5100,25.5350,25.4900,25.5100,93100
1452790741,25.5600,25.5800,25.5000,25.5100,98400
1452791098,25.5635,25.6100,25.5550,25.5600,81500
1452791395,25.5750,25.5850,25.5500,25.5600,232400
1452791693,25.5700,25.5800,25.5600,25.5750,198900
1452791999,25.6500,25.6500,25.5700,25.5700,100200
1452792240,25.6600,25.6750,25.5850,25.6550,106900
1452792594,25.6900,25.6900,25.6300,25.6647,97900
1452792840,25.6800,25.7200,25.6500,25.6900,94500
1452793199,25.7450,25.7550,25.6750,25.6800,159200
1452793499,25.6950,25.7750,25.6800,25.7550,93400
1452793795,25.7100,25.7400,25.6700,25.6950,82100
1452794094,25.7050,25.7150,25.6650,25.7100,78300
1452794396,25.6400,25.7300,25.6350,25.7200,62500
1452794697,25.6900,25.7250,25.6150,25.6400,115800
1452794945,25.7700,25.7800,25.6900,25.6900,65800
1452795249,25.7200,25.7950,25.7150,25.7800,103600
1452795541,25.7600,25.7600,25.7000,25.7200,86200
1452795896,25.7900,25.8100,25.7600,25.7700,67800
1452796199,25.8300,25.8300,25.7750,25.7800,54000
1452796447,25.8100,25.8550,25.8000,25.8300,84400
1452796799,25.8250,25.8650,25.8000,25.8100,124900
1452797099,25.8400,25.8600,25.8200,25.8300,100100
1452797397,25.8500,25.8600,25.8150,25.8350,85700
1452797699,25.9163,25.9250,25.8402,25.8500,119600
1452797997,25.9200,25.9500,25.9000,25.9150,112900
1452798298,25.8850,25.9350,25.8300,25.9200,88300
1452798599,25.9200,25.9300,25.8800,25.8900,202600
1452798899,25.9550,25.9600,25.8900,25.9250,175100
1452799142,25.9500,25.9950,25.9300,25.9500,174800
1452799496,25.9550,25.9600,25.9132,25.9450,115200
1452799740,25.9500,25.9550,25.9100,25.9500,82000
1452800097,26.0100,26.0150,25.9499,25.9500,147300
1452800399,25.9800,26.0100,25.9600,26.0099,112300
1452800698,26.0000,26.0350,25.9750,25.9750,87200
1452800940,26.0250,26.0450,25.9900,26.0000,125300
1452801294,26.0700,26.0800,26.0200,26.0300,101200
1452801599,26.1200,26.1450,26.0550,26.0700,212100
1452801893,26.0350,26.1200,26.0238,26.1200,189000
1452802198,26.0450,26.0600,26.0200,26.0300,143200
1452802447,26.0400,26.0600,26.0200,26.0500,136900
1452802792,26.0450,26.0550,26.0200,26.0500,339000
1452803099,26.0000,26.0500,25.9700,26.0500,265100
1452803399,25.9900,26.0172,25.9900,26.0000,465200
1452803699,25.9700,26.0100,25.9600,25.9950,589900
1452803997,25.9100,26.0000,25.9000,25.9700,354400
1452804298,25.9000,25.9200,25.8500,25.9100,535000
1452804599,25.9100,25.9500,25.9000,25.9099,353200
1452804899,25.9100,25.9500,25.8900,25.9100,758600
1452805141,25.8700,25.9100,25.8500,25.9100,3909800
1452805200,25.8600,25.8600,25.8600,25.8600,0
1452868493,25.2200,25.2500,25.1700,25.2000,0
1452868799,25.3400,25.3800,25.2000,25.2200,158000
1452869092,25.4000,25.4200,25.2200,25.3400,149200
1452869340,25.4600,25.4800,25.3700,25.3950,128100
1452869647,25.3500,25.4600,25.3400,25.4600,102200
1452869999,25.2550,25.3700,25.2500,25.3400,105400
1452870299,25.2550,25.2600,25.1300,25.2550,117900
1452870595,25.3500,25.3600,25.2300,25.2535,121300
1452870898,25.3100,25.3850,25.2600,25.3500,100500
1452871199,25.3450,25.3550,25.2800,25.3050,57000
1452871499,25.3500,25.4100,25.3100,25.3300,154200
1452871741,25.3200,25.4050,25.2950,25.3550,157700
1452872099,25.3000,25.4200,25.2950,25.3150,146600
1452872398,25.3250,25.3600,25.2900,25.3000,231400
1452872698,25.1700,25.3500,25.1700,25.3400,122700
1452872997,25.1650,25.1700,25.1100,25.1600,148500
1452873299,25.0300,25.1700,25.0300,25.1700,114600
1452873598,25.0250,25.0600,25.0100,25.0300,107400
1452873898,25.0100,25.0600,24.9850,25.0300,116200
1452874196,24.9800,25.0400,24.9800,25.0000,90100
1452874498,25.0200,25.0200,24.9500,24.9850,81400
1452874798,25.0669,25.0800,25.0200,25.0200,67200
1452875098,25.0700,25.0900,25.0300,25.0600,63500
1452875341,25.0650,25.1300,25.0500,25.0750,98000
1452875641,25.1100,25.1400,25.0400,25.0800,71800
1452875999,25.0500,25.1100,25.0400,25.1000,116900
1452876294,25.0800,25.0900,25.0350,25.0400,49100
1452876543,25.0700,25.1200,25.0600,25.0700,85700
1452876840,25.0500,25.1000,25.0500,25.0700,100800
1452877199,25.0550,25.0900,25.0300,25.0500,119600
1452877443,25.0000,25.0700,24.9800,25.0600,175200
1452877795,25.0500,25.0500,24.9901,25.0000,60100
1452878040,25.0500,25.0800,25.0300,25.0600,66500
1452878399,24.9800,25.0600,24.9800,25.0498,114400
1452878699,24.9600,25.0100,24.9500,24.9800,62500
1452878998,24.9600,24.9700,24.9050,24.9600,118600
1452879244,24.8450,24.9600,24.8000,24.9600,76400
1452879540,24.8400,24.8600,24.8100,24.8500,64200
1452879899,24.9000,24.9100,24.8300,24.8400,56400
1452880187,24.9700,25.0100,24.9100,24.9100,175900
1452880447,25.0300,25.0300,24.9600,24.9800,108500
1452880799,25.0600,25.0800,25.0000,25.0300,124000
1452881097,25.1450,25.1500,25.0400,25.0600,211600
1452881396,25.1200,25.1650,25.1000,25.1500,302000
1452881699,25.2800,25.3200,25.1150,25.1150,395500
1452881997,25.2550,25.2800,25.1800,25.2800,149100
1452882245,25.2600,25.2700,25.2300,25.2510,167900
1452882597,25.2200,25.2700,25.2000,25.2600,104600
1452882840,25.1500,25.2200,25.1300,25.2200,130600
1452883198,25.0815,25.1600,25.0800,25.1550,66800
1452883499,25.1400,25.1600,25.0800,25.0801,154200
1452883741,25.1300,25.1950,25.1200,25.1410,70700
1452884093,25.2100,25.2250,25.1250,25.1250,68300
1452884397,25.1900,25.2242,25.1400,25.2200,163300
1452884651,25.1700,25.2100,25.1635,25.2000,145500
1452884947,25.1900,25.1900,25.1500,25.1700,79400
1452885240,25.2062,25.2300,25.1900,25.1900,78300
1452885542,25.1300,25.2000,25.1200,25.2000,104200
1452885847,25.0500,25.1300,25.0300,25.1300,108100
1452886194,25.0000,25.0850,24.9959,25.0499,77100
1452886499,24.9800,25.0300,24.9600,24.9950,100100
1452886797,25.0011,25.0150,24.9600,24.9850,184100
1452887099,25.0700,25.0900,25.0041,25.0041,83300
1452887399,25.1340,25.1400,25.0600,25.0700,100600
1452887647,25.2567,25.2600,25.1300,25.1399,164200
1452887999,25.2500,25.2850,25.2000,25.2600,300200
1452888299,25.3300,25.3350,25.2450,25.2500,451000
1452888599,25.3350,25.3750,25.3300,25.3450,213900
1452888842,25.3100,25.3500,25.3000,25.3300,293700
1452889196,25.2500,25.3400,25.2300,25.3113,359300
1452889442,25.3100,25.3200,25.2300,25.2500,100900
1452889798,25.3600,25.3700,25.3000,25.3100,107800
1452890097,25.3600,25.3700,25.2900,25.3700,209400
1452890397,25.3000,25.3700,25.3000,25.3450,191500
1452890640,25.3100,25.3150,25.2500,25.3000,227400
1452890941,25.3200,25.3300,25.2900,25.3100,377900
1452891240,25.3000,25.3300,25.3000,25.3100,282700
1452891599,25.2600,25.3100,25.2400,25.3100,762700
1452891600,25.2600,25.2600,25.2600,25.2600,159400
