1451918047,741.3800,742.1400,735.2900,739.0000,177400
1451918391,739.6921,742.0300,738.9320,741.9800,61200
1451918655,736.0000,739.5899,735.5526,739.5150,49900
1451918941,737.9700,739.3700,735.2400,735.9599,63800
1451919243,739.2800,740.3800,737.5800,737.6400,68900
1451919542,740.7000,741.3900,739.0900,739.5064,80200
1451919844,735.2000,740.8442,735.1000,740.6700,75100
1451920148,736.9800,737.5300,735.0000,735.2000,51000
1451920499,735.1099,737.3925,733.5552,736.6500,45700
1451920740,733.7800,735.7595,733.3310,734.7600,52400
1451921040,733.5730,735.1000,733.0000,733.8799,35200
1451921351,733.3600,734.2550,732.3500,733.5400,29400
1451921645,733.3600,734.2700,732.6000,733.3100,24200
1451921998,734.2000,734.5700,732.0100,733.0800,22400
1451922240,732.4400,734.5500,731.2700,734.4373,34300
1451922541,736.3500,736.3600,732.4150,732.5500,65600
1451922843,736.3540,737.2000,735.1600,736.0000,70300
1451923140,734.7000,736.1400,734.2100,736.0150,30300
1451923499,732.4800,734.6359,732.0000,734.5000,29600
1451923740,732.1200,733.3700,731.5300,732.1400,38900
1451924040,734.0100,734.4300,731.6600,731.9500,36200
1451924340,734.3400,735.2000,734.0100,734.5300,41600
1451924642,733.5800,734.4400,733.2118,734.0601,25400
1451924951,733.9900,734.1800,732.6500,733.9400,40600
1451925247,735.4400,735.4400,733.0400,734.0000,36000
1451925543,736.6600,737.3100,734.5100,735.0600,32800
1451925897,736.7100,737.9997,735.2800,736.2270,23900
1451926173,737.0000,737.4999,735.9600,736.9900,26800
1451926499,736.7100,737.0000,735.2800,737.0000,24800
1451926746,736.1400,737.2500,735.4500,736.7100,26400
1451927055,734.6100,735.9560,733.5800,735.9560,22900
1451927340,735.2600,736.0800,734.2200,734.2800,36800
1451927642,734.7800,736.0600,734.2700,735.2410,30700
1451927968,735.1800,735.5973,734.6700,734.8600,11400
1451928240,735.4700,736.2099,734.8000,735.2600,16900
1451928555,734.6900,735.7867,734.6900,735.7867,20200
1451928842,734.0000,734.9500,733.8000,734.6900,23800
1451929164,734.6300,734.8999,733.9000,733.9000,12200
1451929453,735.0600,735.4900,733.9900,734.6914,24000
1451929748,735.7500,736.5000,734.5400,734.8522,25600
1451930043,736.8800,736.8800,735.5701,735.9300,37500
1451930359,737.5000,737.5000,736.4000,736.9500,19800
1451930656,738.0000,738.0000,737.0800,737.5500,20600
1451930948,736.9500,738.2200,736.9500,738.0400,23400
1451931241,736.5300,737.2250,736.3600,737.0400,21000
1451931551,736.2250,737.1500,736.1300,736.5000,23400
1451931853,735.2200,736.2793,735.0600,736.0378,27800
1451932141,735.9900,736.2000,734.8100,735.2500,20600
1451932459,735.5604,735.9510,734.9700,735.9150,11800
1451932796,737.2600,737.5189,735.6900,735.6900,13900
1451933040,736.6900,737.7700,736.4700,737.7350,15600
1451933343,736.1600,737.2200,735.8950,737.0175,13600
1451933680,735.6200,736.5300,735.6200,736.0100,9500
1451933965,735.4800,736.3100,735.4500,735.9400,27800
1451934244,734.9500,735.6400,734.6400,735.5637,26400
1451934541,735.7800,736.0700,734.0000,734.8700,28600
1451934848,734.8200,736.1508,734.7800,736.1508,13500
1451935146,735.1300,735.1600,734.1400,734.6300,16700
1451935447,736.8700,737.0000,734.8800,735.3700,19800
1451935751,737.9100,738.1200,736.5534,736.6900,35600
1451936049,738.0000,738.3600,737.6900,737.9100,57500
1451936346,737.4800,738.0000,736.8279,737.9800,32200
1451936640,737.1700,737.6500,737.0000,737.3750,12800
1451936956,737.0000,737.8300,736.8100,737.3420,26200
1451937245,735.1000,737.4600,735.0200,737.2000,17500
1451937542,737.2212,737.3625,735.2910,735.3040,36800
1451937845,736.9250,737.2200,736.8050,737.0270,60600
1451938145,736.0100,737.1000,736.0000,736.8600,42600
1451938441,734.5700,736.1480,734.4100,736.0100,25200
1451938747,734.9300,734.9300,734.2400,734.3600,20800
1451939042,733.5900,735.1900,733.5900,734.9700,31600
1451939354,734.1600,734.5700,733.5100,733.5150,26500
1451939643,735.8300,736.5350,734.5100,734.5100,38500
1451939940,736.3800,736.7000,735.4300,736.2000,31500
1451940241,737.1600,737.3300,736.1800,736.4398,32900
1451940542,738.5000,738.5700,736.5200,737.1200,55500
1451940846,739.4800,739.4999,738.0300,738.8900,68100
1451941140,740.2800,740.8400,739.3900,739.5000,579200
1451941200,741.8400,741.8400,741.8400,741.8400,0
1452004440,744.9000,749.0400,744.6400,745.0500,0
1452004746,742.3200,744.9864,742.0000,744.9300,45800
1452005042,745.3100,745.7000,742.0100,742.6520,33400
1452005341,745.0299,747.9553,744.2700,745.6900,59200
1452005641,744.1500,745.4100,743.2100,745.0200,38300
1452005950,742.6200,745.0050,742.1700,744.1500,27200
1452006242,741.0650,743.3900,740.0100,742.4800,28200
1452006595,738.6400,741.3900,738.6400,740.7600,24000
1452006846,741.6000,741.9900,738.7304,738.7304,34000
1452007141,745.1800,745.6500,741.0000,741.5000,35600
1452007445,742.1300,744.8900,741.3400,744.6100,32700
1452007743,743.4100,744.0000,742.4000,742.4000,15600
1452008041,744.2500,744.8800,743.2500,743.7999,13500
1452008357,746.5500,746.5908,743.7800,744.2200,32000
1452008645,747.3900,747.9000,746.2200,746.5500,32800
1452008998,748.2200,748.3400,747.0701,747.5000,23800
1452009250,750.5400,751.0500,748.0750,748.0750,51200
1452009599,750.5900,752.0000,750.3720,750.5000,29200
1452009844,749.4400,750.9200,748.9300,750.5650,17400
1452010145,748.3600,750.0000,748.3600,749.5700,11300
1452010450,746.1600,748.4500,745.5800,748.2800,20200
1452010740,745.6150,746.3100,745.1100,745.7650,13600
1452011048,745.1500,745.8750,744.6800,745.5000,14400
1452011359,745.7390,746.8700,745.3400,745.4603,15500
1452011652,747.3500,747.3500,744.4000,745.4600,12700
1452011944,745.5300,747.8700,745.5300,747.2200,10300
1452012299,744.4600,746.0000,743.4500,745.5100,15800
1452012558,745.6400,745.6400,743.9500,744.4850,8900
1452012885,745.4600,746.2600,745.0500,745.6400,11500
1452013141,744.1250,745.5600,744.0000,745.5600,19200
1452013459,741.8000,744.3142,741.8000,744.3142,14500
1452013748,741.7300,742.7100,741.0000,741.8600,16000
1452014043,741.0800,742.4700,739.7400,741.5500,31700
1452014363,740.8050,741.2650,739.7778,741.2650,18400
1452014698,740.6000,741.2800,740.0100,740.1300,26700
1452014944,742.1900,742.5000,740.1500,740.7000,28300
1452015244,742.8800,743.4745,742.0250,742.5425,16700
1452015568,744.3708,744.6000,743.0051,743.0500,6600
1452015858,741.8400,745.0100,741.6552,744.6800,20500
1452016141,742.6500,743.1840,741.7900,741.9180,7800
1452016445,743.0500,743.8800,741.5000,741.7200,6500
1452016741,743.5500,743.5500,742.6845,743.2230,10000
1452017041,744.3100,744.3200,743.2700,743.9900,8000
1452017398,743.3900,744.8200,743.3900,744.8000,8000
1452017647,743.7500,744.8100,743.3900,743.3900,7100
1452017950,743.2300,744.0500,743.2100,743.6600,11000
1452018272,742.5700,743.0000,742.1501,743.0000,10700
1452018565,744.2920,744.4900,742.5900,742.5900,7300
1452018848,745.1429,745.4900,744.6500,744.6500,11200
1452019146,746.1700,746.4900,745.3115,745.4800,14100
1452019440,747.9450,748.3600,746.0300,746.0300,23400
1452019745,749.0000,749.3400,747.8000,747.9414,19900
1452020048,749.4800,749.5000,748.6600,749.2100,16700
1452020342,747.7200,749.5100,747.7200,749.3626,22700
1452020640,747.1400,747.8954,746.7700,747.7900,13200
1452020942,747.4600,747.6000,746.7300,747.1500,18900
1452021264,747.6100,748.4800,747.4107,747.4150,11100
1452021545,748.5000,748.7800,747.2150,747.5900,13100
1452021899,750.2800,750.2800,748.2701,748.2701,13300
1452022157,749.4100,750.7300,749.0000,750.0900,14300
1452022451,747.3900,749.5000,747.3900,749.4000,8500
1452022799,747.3890,747.9000,747.0001,747.4300,10500
1452023060,746.3699,747.4000,745.8000,747.0100,9800
1452023397,746.6000,746.7100,745.6100,746.3700,9900
1452023646,746.0421,746.9599,745.4200,746.6400,12800
1452023948,744.9000,746.2500,744.6915,746.0300,9800
1452024248,743.5200,745.0075,743.2801,745.0000,13100
1452024540,743.4000,743.9000,742.4100,743.5500,18500
1452024842,744.2400,744.6300,742.9400,743.3900,11400
1452025151,743.4900,744.4600,743.0400,744.0100,10500
1452025445,743.7360,744.3100,742.6500,743.4900,50300
1452025745,746.1900,746.2000,743.1800,743.7600,18100
1452026047,745.6200,747.0000,745.4025,745.8875,31800
1452026358,744.8000,746.6300,744.8000,745.3400,21400
1452026698,745.8871,746.3100,744.9700,745.0500,45400
1452026999,743.6400,745.7600,743.3700,745.7600,51300
1452027250,742.8365,744.0200,742.5400,743.7800,84200
1452027543,742.0000,743.3700,741.8400,742.9600,254500
1452027600,742.5800,742.5800,742.5800,742.5800,0
1452090843,732.3200,733.3000,729.8600,730.2100,0
1452091140,737.9700,741.3800,730.5448,731.5600,107000
1452091499,738.9300,739.1800,736.0400,737.9700,33700
1452091754,738.5000,739.0400,736.3800,739.0400,26400
1452092095,738.3100,739.3900,736.5900,738.8300,34500
1452092347,739.1800,739.7000,737.1200,738.0848,35900
1452092640,736.7100,739.4000,735.4200,738.4950,44600
1452092945,737.9989,738.0000,736.0000,736.9877,28400
1452093245,736.9300,737.9700,735.6300,737.9700,26700
1452093541,739.4800,739.5100,736.1000,736.6500,14000
1452093843,742.0400,743.4100,739.3600,739.4800,37900
1452094158,741.0600,742.3600,740.0000,741.9200,30700
1452094442,739.3200,741.0000,739.2300,740.7450,25100
1452094743,738.5700,739.8700,738.4950,739.6400,22600
1452095040,741.0500,741.6350,738.3900,738.5000,27900
1452095344,741.0000,741.5700,739.7900,740.7700,23400
1452095642,742.5000,743.1299,741.0900,741.0900,23800
1452095947,744.3836,744.9999,742.7050,742.8500,30300
1452096241,746.8299,746.8299,744.2300,744.2300,24900
1452096545,743.4950,746.3800,742.5800,746.3800,18100
1452096849,742.1143,743.0900,741.5700,742.7200,11500
1452097199,742.7000,743.3790,741.8100,742.1500,12600
1452097461,743.6500,744.4619,742.5301,742.5301,18200
1452097745,744.5700,744.6900,743.1050,743.7000,15200
1452098049,744.7520,744.8100,743.8900,744.5200,15100
1452098343,745.2300,746.1800,744.4800,744.8000,19600
1452098643,745.0700,746.0400,744.6300,746.0400,15400
1452098997,745.3100,745.6700,744.6500,745.5100,7700
1452099249,744.8323,745.6050,744.7550,745.3000,8600
1452099546,743.6600,745.1400,743.6100,744.8950,15600
1452099784,743.2600,744.0299,742.7200,744.0299,8800
1452100199,743.4000,743.9200,742.7600,743.4199,17300
1452100440,743.8100,744.1100,742.8100,743.4600,15000
1452100758,743.9200,743.9600,743.1000,743.8100,19300
1452101049,743.5500,744.1500,743.3200,743.9800,10100
1452101350,743.2800,744.0000,742.7450,743.8100,10800
1452101654,744.1600,744.3000,743.0700,743.0700,15300
1452101955,746.6000,747.1800,743.1800,744.0000,36400
1452102242,745.6300,747.1300,745.5000,746.5500,18400
1452102554,745.8900,746.1300,745.2500,745.6200,10900
1452102853,745.0500,746.3400,745.0500,746.0000,8100
1452103193,745.3150,746.1600,745.0740,745.0740,8100
1452103459,746.2000,746.2000,745.0000,745.3000,13200
1452103775,745.8000,746.5100,745.7900,746.1900,9400
1452104045,744.9100,745.5400,744.4300,745.5400,15000
1452104369,743.4100,745.2300,743.4100,744.8000,25800
1452104640,744.3000,744.3000,743.4500,743.5619,18700
1452104946,744.1400,744.4600,743.7600,744.2150,4400
1452105268,743.3999,743.8800,742.8800,743.8600,7400
1452105598,743.9400,744.4300,743.2700,743.2700,6200
1452105865,742.7900,744.0100,742.6874,743.9500,5800
1452106147,742.2200,743.1900,742.0100,742.9500,6500
1452106469,742.7100,743.3998,742.0000,742.0400,12200
1452106794,742.1600,742.8900,742.1600,742.7000,11100
1452107049,744.1000,744.1000,741.8800,742.2100,23000
1452107349,745.0600,745.0600,743.7500,744.2400,11600
1452107641,745.7200,746.9000,744.5400,745.0800,19000
1452107959,746.6735,746.9976,746.0000,746.0000,21600
1452108246,745.6070,747.0500,745.3400,746.6790,15800
1452108543,745.6900,746.1800,745.3700,745.8900,34300
1452108846,746.2400,746.3600,745.2900,745.9900,20600
1452109142,745.0967,746.3422,745.0967,746.3422,9900
1452109440,741.6600,745.2500,741.3800,745.2500,26900
1452109744,740.2650,741.7440,739.9500,741.7150,31500
1452110042,740.5900,741.0000,739.8000,740.0300,18400
1452110342,739.0000,740.4800,738.9900,740.4800,18200
1452110652,740.0900,740.0900,739.0000,739.0000,11300
1452110943,740.4600,741.0000,739.8400,740.4100,25400
1452111266,741.2100,741.2100,740.1700,740.2200,24000
1452111599,741.1100,741.4600,740.1000,741.2000,13200
1452111860,742.9000,742.9000,740.9700,741.1000,22600
1452112145,743.5000,743.7250,742.3151,742.9000,23000
1452112442,744.3900,744.7700,742.8300,743.5000,24300
1452112795,745.3500,746.0000,743.2200,743.2200,33600
1452113048,744.2800,745.1800,743.3400,745.1350,31800
1452113399,744.5450,744.7100,743.6200,744.4100,42800
1452113641,743.3800,744.1400,742.4200,744.1400,41200
1452113940,743.7000,744.6300,743.0000,743.3900,217100
1452114000,743.6200,743.6200,743.6200,743.6200,0
1452177299,732.9600,734.4100,731.0900,731.4600,0
1452177543,733.0600,734.1210,731.5800,732.9600,87800
1452177845,729.2400,733.4147,728.7500,733.0200,93800
1452178148,730.5500,731.0000,728.3600,729.7899,65500
1452178440,727.6900,730.6414,727.5000,730.3225,55700
1452178740,727.5899,727.7599,726.6700,727.4400,49100
1452179045,725.1626,727.8780,724.6100,727.1000,64100
1452179341,725.6500,726.9500,724.8200,725.7500,30900
1452179642,726.4010,727.4800,724.9101,725.6800,66300
1452179947,730.7560,731.1160,726.5300,726.5300,50500
1452180256,728.6700,731.9500,727.9600,730.8750,32900
1452180541,731.2850,731.9100,728.6400,728.6400,33400
1452180844,733.4650,733.8999,731.2800,731.7500,47400
1452181146,731.9889,733.6200,730.9357,733.6200,37000
1452181453,731.8909,731.9800,730.2650,731.8000,22900
1452181761,732.6070,732.9000,731.2900,731.8900,14800
1452182099,736.6600,736.7300,732.3900,732.5000,44200
1452182350,737.0500,737.5500,736.1400,736.5200,53300
1452182642,736.4400,737.8500,735.0000,736.4100,46400
1452182940,736.4300,737.0000,735.5500,736.3999,36400
1452183247,736.6500,738.5000,735.8270,736.4125,33400
1452183566,734.8000,736.5000,734.2400,736.5000,38900
1452183842,732.5301,735.8700,732.5301,735.1900,15400
1452184149,733.8500,733.8500,732.4988,732.9500,15400
1452184456,734.5600,735.8900,733.7300,733.8100,14000
1452184688,735.5800,735.8700,734.1400,734.2900,22300
1452185042,735.7400,735.7800,734.9650,735.4300,15800
1452185357,733.9500,735.7320,733.8952,735.6706,18300
1452185650,733.3501,734.2800,733.0010,733.9000,10300
1452185942,733.8600,734.4700,733.6400,733.9500,12500
1452186255,734.0100,734.6800,732.6000,734.0500,23800
1452186598,733.3050,734.0050,732.9700,734.0050,11200
1452186890,734.3600,734.7600,733.0000,733.0000,9800
1452187173,735.1800,736.2500,734.5740,734.5740,11600
1452187448,733.5000,735.4900,733.5000,735.1500,12500
1452187754,733.2300,734.2900,732.9705,734.1075,12700
1452188041,734.2800,734.3000,733.0850,733.2000,8100
1452188365,731.8700,734.2700,731.6600,734.2700,20100
1452188644,732.7000,732.7000,731.6400,731.7900,28200
1452188963,733.7100,734.3199,732.7000,732.7000,13300
1452189281,733.4900,734.1700,732.6866,733.8800,13400
1452189583,731.9650,733.7300,731.9650,733.1000,8000
1452189851,730.5000,732.3400,730.2400,732.1300,16500
1452190145,728.5200,730.2978,728.0000,730.2978,19200
1452190460,727.0200,728.7200,726.5400,728.4250,28500
1452190741,726.4000,727.7700,725.7201,727.5600,15900
1452191040,724.7900,726.5000,723.0900,726.2000,49300
1452191340,725.0000,726.9400,724.5152,724.5152,52600
1452191640,722.9000,724.9000,721.7000,724.5600,36000
1452191944,719.9700,723.5200,719.0600,723.1000,47100
1452192245,722.7200,723.3000,719.1000,719.7000,34200
1452192541,724.5950,724.8400,722.2200,722.5300,29000
1452192870,725.0600,725.3000,724.2100,724.6160,37300
1452193149,723.1500,725.7300,723.1400,724.7901,15500
1452193440,722.5640,723.6900,721.3600,723.2400,18800
1452193749,723.6350,723.8618,721.4400,721.8100,9800
1452194046,723.1000,724.8800,722.6200,723.6400,19700
1452194360,724.2700,724.2700,722.7800,723.2400,17200
1452194660,723.8800,724.7100,723.6500,724.4400,13400
1452194940,723.1700,724.4582,723.0100,724.1400,16400
1452195243,723.5150,724.3900,722.2400,722.7500,48700
1452195543,726.5500,727.2300,724.2900,724.2900,17200
1452195853,728.4550,728.4550,726.7900,727.4600,15300
1452196143,728.9818,729.5000,728.0400,728.6010,14300
1452196443,728.9700,729.9300,728.2000,728.6501,19800
1452196799,728.3800,730.0800,727.7410,729.0400,27500
1452197040,727.3000,728.4700,726.4100,728.2007,27200
1452197342,729.0400,729.0600,726.9900,727.0901,23400
1452197645,728.3500,730.2200,726.7260,729.4400,26100
1452197962,727.1300,728.9300,727.0100,728.6900,15900
1452198244,725.4000,726.9300,724.1600,726.9300,28300
1452198540,724.8800,725.6850,723.3500,724.5800,19000
1452198843,728.6000,728.6000,724.4950,724.6400,32500
1452199146,728.9000,729.1800,728.3100,728.9700,17200
1452199473,726.1700,729.3700,726.1700,728.2800,22500
1452199752,727.2600,728.2630,725.9400,725.9400,13900
1452200044,726.8850,728.4100,726.5500,727.0000,73400
1452200340,726.0250,728.4300,726.0250,726.9100,510100
1452200400,726.3900,726.3900,726.3900,726.3900,0
1452263641,728.7800,730.8600,728.7800,729.2936,0
1452263940,724.5500,729.2897,724.5500,729.0000,99300
1452264242,727.2300,728.8999,724.5000,724.5000,42400
1452264542,730.0747,730.7000,726.1510,727.3760,53400
1452264842,729.2500,730.4700,728.1800,730.4200,95900
1452265143,732.0000,732.0000,729.4300,729.8450,34300
1452265441,728.1000,733.2300,727.8100,731.7700,82200
1452265685,728.8900,729.1900,727.6540,728.0200,18000
1452266044,726.6800,729.2250,725.9000,727.5000,25300
1452266346,728.6400,729.4800,726.8515,726.8515,25500
1452266699,728.2700,729.0100,726.8800,728.6300,16500
1452266945,727.9000,729.3000,727.9000,728.0000,30400
1452267240,727.3200,728.3700,727.1600,728.0900,12500
1452267541,724.3000,727.3800,724.0710,727.3800,26400
1452267847,724.0000,724.9900,723.5900,724.6700,29600
1452268146,725.3800,725.8800,723.3300,723.7600,19900
1452268462,725.0400,725.7500,724.6100,725.3600,18900
1452268745,723.9250,725.2400,723.7500,724.7500,21600
1452269042,723.5800,725.5050,723.5800,724.8700,23800
1452269351,722.7100,724.5009,722.1070,724.0500,27900
1452269649,721.3000,722.7400,721.1000,722.6000,14300
1452269945,721.2900,722.4660,721.0701,721.2800,29400
1452270246,721.3800,722.1300,720.6100,721.4000,30600
1452270540,720.5401,721.1100,719.2300,721.0000,40500
1452270844,717.8400,721.0500,717.8400,720.8750,34800
1452271140,718.2640,718.6000,717.1100,717.6700,30200
1452271450,716.5200,718.1400,715.0000,718.1400,48900
1452271749,718.7700,719.0800,716.3900,716.7103,21400
1452272053,719.9700,720.1200,718.9000,719.5800,15600
1452272349,719.8800,721.6300,719.2100,720.9630,23300
1452272652,720.0100,721.3500,719.0208,720.2000,13900
1452272961,721.6500,721.8800,719.5300,720.0200,27900
1452273299,721.2050,722.0000,720.0800,721.8093,20200
1452273578,721.2750,722.0000,720.8400,721.4300,33700
1452273899,722.0300,722.0300,720.9000,720.9500,38700
1452274140,722.8900,723.4475,721.4350,721.7456,28300
1452274448,722.4400,723.3399,722.0700,722.4900,11600
1452274776,720.8800,722.4199,720.8100,722.2050,20000
1452275050,721.2599,721.3275,720.5200,721.2500,9100
1452275341,720.8775,721.1799,720.0300,720.8700,21000
1452275641,720.6400,721.0000,719.7600,720.9500,13600
1452275945,720.3200,720.7400,720.3200,720.6900,4800
1452276244,719.9700,720.9300,719.4952,720.7400,11800
1452276540,718.5800,719.5300,717.4600,719.5300,18000
1452276844,718.0000,718.5400,717.0300,718.5400,9300
1452277198,718.8800,718.8800,717.4200,717.8600,27700
1452277442,718.5300,719.5700,717.7000,718.8200,39200
1452277799,718.7400,719.1000,717.4500,718.1000,8100
1452278056,720.7400,720.8900,718.5800,718.7950,9500
1452278340,721.9900,722.1500,720.5500,721.0300,16000
1452278641,721.6300,722.1500,721.3800,722.1200,11100
1452278941,720.2000,721.2120,719.6200,721.0100,21100
1452279240,721.5550,721.5600,720.1800,720.5400,10800
1452279544,720.5357,721.8900,719.7693,721.6000,12500
1452279850,720.8200,721.3200,720.0200,720.3300,15500
1452280147,720.3000,720.9200,719.8900,720.7400,14700
1452280441,718.9800,720.3200,718.0000,720.3200,13400
1452280750,719.8700,720.1000,718.1100,718.4900,12700
1452281046,718.6750,719.6700,717.8420,719.6600,14100
1452281351,717.9700,718.2700,717.1800,717.7400,16500
1452281683,718.7200,719.0400,717.9300,718.1300,17500
1452281946,717.4100,718.6100,717.3900,718.6100,24600
1452282242,719.6400,719.8000,717.5500,717.8800,22100
1452282546,720.4800,721.5000,720.1000,720.1000,17400
1452282843,719.8800,721.3400,718.9700,720.3000,12900
1452283142,719.1400,720.3200,718.1500,720.0350,17000
1452283452,719.3500,719.4000,718.0000,719.1400,15800
1452283741,719.2500,720.0000,718.7200,719.4250,16800
1452284042,719.2900,719.6800,717.9000,719.3139,12900
1452284342,718.9000,720.3300,718.6901,719.6900,16600
1452284685,719.4200,719.9500,718.4200,719.1400,21000
1452284940,717.5000,719.8100,717.5000,719.8100,16800
1452285245,716.9900,717.8500,716.2000,717.7400,33700
1452285544,716.0500,717.1300,715.7000,716.4500,33700
1452285844,716.2300,717.0000,715.8300,715.8300,41900
1452286148,713.5200,716.0800,713.5200,715.5000,47600
1452286442,713.0200,715.1100,713.0200,713.9000,42500
1452286741,714.5800,715.1900,713.0000,713.3000,153800
1452286800,714.4700,714.4700,714.4700,714.4700,102300
1452522840,715.8800,717.9800,715.1200,715.9050,0
1452523141,716.3750,717.2500,715.5900,715.5945,38400
1452523444,714.9800,717.2700,714.1000,717.2500,32300
1452523742,714.2950,715.6300,713.7700,714.9200,45800
1452524040,714.2400,715.7000,713.1800,714.1000,39600
1452524352,712.7100,714.1370,711.5800,714.0500,42000
1452524643,714.7877,715.5350,712.5000,712.5000,41800
1452524977,714.0350,715.6300,712.4500,714.8450,27700
1452525244,715.0600,715.6400,713.5400,714.5700,30600
1452525547,713.1400,715.0600,711.8200,715.0600,24000
1452525859,714.5400,715.2200,713.7000,713.7000,9800
1452526156,713.6300,714.6250,713.3300,714.5600,17200
1452526447,715.0200,715.1600,713.0000,714.1350,21500
1452526749,713.7000,715.2100,713.6700,715.2000,15600
1452527040,713.5150,714.5100,712.8000,714.2600,25400
1452527342,711.1800,713.7300,710.6100,713.6500,20800
1452527645,709.5500,712.5700,708.6000,711.8900,34200
1452527943,709.5400,710.6500,708.1300,709.8900,21100
1452528242,709.5100,709.6100,707.7700,709.1575,26200
1452528543,707.0300,708.7900,706.2940,708.7900,44000
1452528896,707.3950,707.9100,706.7000,707.1900,18200
1452529143,708.0550,709.1100,706.9400,707.5450,41200
1452529498,707.7100,709.4290,706.9000,707.7600,23700
1452529762,708.4550,708.6300,707.0100,707.3000,10200
1452530043,707.9350,708.5375,707.0500,708.2200,22800
1452530348,710.2500,710.7450,707.8300,707.8300,42500
1452530644,711.8800,713.1300,710.1011,710.3150,30200
1452530993,713.7000,714.1600,712.1100,712.1300,12700
1452531240,715.6980,716.2400,714.0748,714.1450,21600
1452531544,713.2712,715.2250,713.2600,715.2250,12100
1452531841,712.9800,713.5830,712.1501,713.4680,10500
1452532198,712.0250,713.7550,711.3900,712.8000,13900
1452532441,711.3900,712.6550,711.1100,712.5000,17500
1452532758,710.8500,712.5680,710.5101,711.4900,12600
1452533042,709.6800,711.5700,709.6500,711.0400,13600
1452533346,708.7500,709.8700,708.7500,709.4400,8500
1452533642,710.4601,710.5900,708.9700,709.0500,10400
1452533947,709.7200,711.4300,709.5500,710.3000,10400
1452534249,710.2400,710.2400,708.9100,709.2150,6300
1452534559,709.8700,710.2321,709.2000,710.0800,7300
1452534844,709.1970,710.5000,709.0200,709.9950,7300
1452535160,709.4633,709.6200,708.3800,708.8000,14700
1452535499,710.3250,710.4400,708.6000,709.4800,13200
1452535771,709.4500,710.4150,709.1700,710.3900,7500
1452536064,707.0200,709.6000,707.0000,709.0000,15500
1452536350,708.6600,708.6600,707.0100,707.2800,13800
1452536654,708.0700,708.8500,707.8400,708.8500,7600
1452536976,706.0800,708.3900,706.0800,707.9500,19700
1452537251,706.8000,707.5299,706.0700,706.0700,14200
1452537544,706.1007,707.3400,705.0400,707.0300,17300
1452537849,706.1800,706.5550,705.1400,706.2600,38200
1452538147,704.9550,706.6450,704.6500,706.3500,27700
1452538456,705.3000,705.4350,703.5400,704.9600,46400
1452538769,705.8000,706.0500,704.8001,705.3600,19400
1452539048,707.1400,707.1400,704.6142,705.2850,13100
1452539341,708.8700,708.8700,706.7337,707.3400,17400
1452539644,709.6400,711.2700,708.8901,709.0500,25700
1452539999,710.9800,711.7200,708.5610,708.5610,13400
1452540240,711.6500,711.6500,709.7301,710.6200,19800
1452540555,711.2700,712.9800,710.8050,711.2000,40200
1452540846,711.5300,712.2350,711.1200,711.4500,19800
1452541141,712.8400,712.8400,711.5100,711.6450,15500
1452541498,712.1950,713.4750,711.7900,712.8400,27000
1452541742,711.4900,712.9000,711.4900,712.1300,17700
1452542042,710.6700,712.0750,710.5100,711.5000,17700
1452542353,711.4899,711.8200,710.5200,710.7450,10400
1452542677,711.6550,712.2500,710.7240,711.4500,9500
1452542942,710.8200,710.9600,709.3000,710.8201,26000
1452543249,709.0300,710.5700,708.3700,710.5700,12200
1452543558,708.9100,709.0500,707.2800,708.7500,16400
1452543842,712.1000,712.2300,709.2780,709.2780,20700
1452544142,715.5301,716.9600,711.7401,711.7800,40800
1452544446,718.3900,718.6100,715.8700,715.8900,54700
1452544745,717.9200,718.8100,717.0000,718.0801,62600
1452545044,718.2200,718.8500,717.0000,717.5000,38100
1452545357,716.6400,717.9700,715.8500,717.3700,32100
1452545641,717.7000,718.0500,716.6900,716.8000,35600
1452545941,716.9400,717.6500,715.9500,717.6500,262200
1452546000,716.0300,716.0300,716.0300,716.0300,0
1452609250,722.1350,724.0000,721.7300,723.3199,0
1452609545,724.3800,724.7200,721.7300,722.1850,59100
1452609844,724.2400,725.8700,723.2500,724.4400,79200
1452610198,725.0800,725.5400,723.5301,723.9500,40800
1452610443,723.8900,726.1800,723.5400,725.6000,63700
1452610747,725.5900,726.4100,723.6400,724.0000,49900
1452611040,726.0000,727.3900,725.8000,725.8000,44300
1452611340,726.4200,727.2000,725.6900,726.0600,29200
1452611642,727.6800,728.7500,726.0750,726.0750,57800
1452611941,728.4000,728.4000,726.8600,727.7000,24200
1452612242,726.1200,728.2500,725.5600,727.9300,31300
1452612591,725.3000,725.9999,724.6500,725.6500,27100
1452612842,726.7500,727.9970,725.3000,725.5200,26800
1452613141,726.7850,727.8300,726.3400,726.6000,29700
1452613442,725.2501,727.3650,724.5100,726.6650,22600
1452613769,721.8600,725.6850,721.8600,725.4000,29500
1452614056,723.6500,723.6500,721.6100,721.8600,11800
1452614360,724.2342,724.7300,723.1000,724.0000,10200
1452614641,723.5100,724.9000,723.0101,724.4000,16300
1452614955,721.9500,723.6200,721.6500,723.3540,15300
1452615240,721.2200,721.6100,720.0600,721.6100,15000
1452615557,721.7500,722.1300,720.5001,721.2000,10700
1452615855,720.6200,722.1300,720.6200,722.1300,9100
1452616149,721.0500,721.7900,719.8001,720.1300,23300
1452616441,721.1600,721.3400,719.7900,720.9100,11300
1452616745,719.1700,721.3100,718.9500,721.3100,40500
1452617052,719.4600,720.5100,719.1100,719.5000,21300
1452617344,721.6000,721.6000,718.5000,719.5800,17700
1452617699,721.5000,721.7000,720.3401,721.1800,17700
1452617945,721.2000,721.8000,720.5800,721.4986,23900
1452618246,723.6000,723.6000,720.7550,721.1800,10700
1452618550,722.8900,723.9550,722.7920,723.5400,11400
1452618849,722.4800,722.9940,721.8100,722.7400,9500
1452619159,720.5000,722.6800,720.5000,722.4800,12200
1452619444,720.6289,721.2168,720.1100,720.1100,10500
1452619760,721.6500,722.9200,720.6300,720.7700,7200
1452620042,720.8899,722.4900,720.2950,721.4300,11600
1452620352,719.7400,720.3400,718.9000,720.3000,12800
1452620640,719.3300,720.0800,718.5900,719.7600,22300
1452620942,720.1600,720.4400,718.0000,718.9400,31100
1452621246,721.1500,721.6500,719.7700,720.0800,18600
1452621594,720.3350,721.5000,720.3350,721.1900,11300
1452621853,720.5700,721.1500,720.2500,720.3250,11200
1452622141,721.6800,722.0000,720.3200,720.7300,9100
1452622450,723.3800,723.6888,721.5660,721.5688,9500
1452622794,722.9200,723.4000,722.1000,723.4000,5500
1452623093,721.9600,722.6499,721.8000,722.5500,7900
1452623348,721.6840,722.2600,721.0100,721.8600,20500
1452623655,721.7900,722.7800,720.7500,721.7000,6400
1452623955,721.5300,722.5900,721.0900,721.4245,6500
1452624242,722.4999,722.4999,720.7200,721.5200,6000
1452624552,722.9400,723.5000,722.2900,722.3400,9100
1452624857,723.4900,724.4899,722.9200,723.2600,19400
1452625154,720.7800,723.6700,720.7000,723.3100,18400
1452625452,719.0000,721.8100,718.6700,721.1400,15300
1452625745,718.6497,719.0000,717.8000,718.5600,30700
1452626099,718.0150,719.0400,718.0100,718.6749,10100
1452626350,718.7300,719.0250,717.3165,718.0000,28400
1452626646,720.8700,720.8700,718.0500,718.0500,25600
1452626947,720.8207,721.6900,720.2500,720.5200,13000
1452627242,722.4100,722.6896,719.8200,720.2800,24600
1452627542,724.9600,725.2400,722.8500,722.8700,19900
1452627842,722.9500,725.0999,722.7000,725.0999,15600
1452628150,723.7200,724.6700,722.8500,722.9500,18900
1452628441,726.2000,726.9900,723.4000,723.8700,19600
1452628741,727.8240,728.6800,726.4900,726.8100,63300
1452629045,725.4200,727.7400,724.7800,727.6100,22100
1452629398,723.4632,725.4000,723.3000,725.2600,26600
1452629646,723.8300,724.3100,722.3450,723.6000,20800
1452629942,724.8482,724.8482,723.2407,723.8494,10400
1452630243,726.8500,727.4000,724.9824,725.1500,12000
1452630599,726.0700,727.7100,725.8500,726.7500,18800
1452630872,725.5600,726.5600,724.7101,725.6100,18100
1452631149,725.3900,727.3600,725.3900,725.9200,19100
1452631441,728.2000,728.4400,725.6650,725.7000,27800
1452631741,728.2500,728.7500,727.2500,728.0700,33400
1452632043,727.4380,728.3800,726.9800,727.6700,27700
1452632343,726.0700,728.3300,725.3700,727.5100,199700
1452632400,726.0700,726.0700,726.0700,726.0700,0
1452695647,728.1600,730.5550,727.8100,730.1120,0
1452695999,734.0800,734.6000,730.2900,731.7100,62800
1452696243,730.6600,734.6421,730.5000,734.6421,22900
1452696545,730.8000,731.3300,728.2612,730.9800,32600
1452696840,728.5000,730.7900,728.0000,730.7300,27200
1452697198,728.5600,730.0000,727.5400,728.4916,34800
1452697499,726.7900,729.5000,725.0000,728.5700,44200
1452697744,727.7100,727.7100,725.7311,726.6000,23300
1452698041,725.3011,728.0800,725.1000,727.9000,13500
1452698388,725.7000,726.1500,724.9027,725.5760,25900
1452698641,726.7400,726.8099,725.5100,725.7450,10600
1452698948,727.3800,728.0000,726.4700,726.5100,11800
1452699242,725.2400,727.5300,725.0112,727.0500,24600
1452699551,724.6900,726.5199,724.6900,725.6700,24000
1452699852,726.7300,727.9500,724.2300,724.7000,13500
1452700172,725.8500,726.8999,725.0000,726.4900,8600
1452700499,725.2000,726.1700,724.7800,725.5000,9300
1452700748,725.9050,726.4000,724.4970,725.0900,10300
1452701044,723.0201,725.4399,723.0000,725.2800,20100
1452701365,720.4700,723.8800,720.4700,723.4000,22300
1452701647,721.9000,722.4399,720.4500,720.7830,23300
1452701943,724.4250,724.6700,722.0000,722.2700,22600
1452702247,723.5300,725.8500,723.2200,724.3000,24900
1452702545,723.2500,723.5000,722.7250,723.3600,8100
1452702840,723.3000,724.8099,722.6200,722.9200,10300
1452703166,723.9700,725.0000,723.3600,723.5500,9800
1452703444,723.6000,724.0200,723.1907,723.8200,6000
1452703744,721.4400,723.1500,720.7700,723.1200,14400
1452704092,720.7061,722.0400,720.7061,721.3100,24600
1452704347,719.5300,720.9699,718.2600,720.6700,21500
1452704643,719.8400,720.6200,719.3000,719.6900,9100
1452704941,718.3559,720.0600,717.7000,719.8990,19900
1452705268,720.6000,720.6000,717.2500,718.2100,12700
1452705566,719.2400,720.7700,718.5600,720.4400,17300
1452705850,720.3100,721.0200,718.3000,719.0500,27100
1452706194,721.4100,721.5900,719.1200,720.0000,18100
1452706451,720.0200,721.5500,719.1900,721.2100,10800
1452706785,719.5300,720.0600,719.1101,719.7019,7000
1452707059,719.4400,719.8600,718.5200,718.9800,8200
1452707357,718.8700,719.4200,718.2600,719.0700,3900
1452707649,718.1500,718.7450,717.2500,718.3800,10500
1452707948,717.1550,718.3780,716.5800,718.3780,21600
1452708257,717.4210,717.5700,716.4700,717.0600,8300
1452708544,717.8245,717.8245,716.6900,717.3680,10400
1452708840,716.9500,717.7730,716.7500,717.5850,20000
1452709196,715.9300,716.7225,715.3000,716.7225,16800
1452709452,715.2800,716.0150,715.0000,715.5810,15200
1452709744,714.2500,715.1200,714.0000,715.0300,17900
1452710041,714.0250,715.1600,713.5340,714.1800,24400
1452710352,712.0400,714.7500,712.0400,714.4985,17800
1452710650,709.6600,712.0700,709.3100,712.0000,31200
1452710941,709.3500,710.3800,708.6976,709.6700,20800
1452711242,709.1100,710.7000,708.8400,709.3200,22000
1452711540,707.3800,710.6899,707.3800,709.2200,24900
1452711842,706.3300,708.6299,706.2300,707.3576,29700
1452712154,707.1801,709.2600,706.0000,706.4700,25300
1452712443,707.2000,708.3100,706.4565,707.2600,20100
1452712769,706.9000,707.9331,706.0000,707.2000,41500
1452713040,706.6775,707.8800,705.3100,706.7400,22200
1452713365,707.2600,707.8100,705.4600,706.3000,35600
1452713645,700.7700,707.0400,700.7700,707.0400,72500
1452713943,702.6100,703.5000,698.6100,700.6400,99000
1452714241,699.5850,702.3000,698.8600,702.3000,48900
1452714540,702.8650,703.4000,699.6200,699.6600,40600
1452714842,705.6500,705.7000,702.7601,702.7601,33600
1452715141,705.5200,706.3800,704.6375,704.7510,39600
1452715444,705.8600,706.9400,704.7859,705.6400,39700
1452715740,707.9900,709.2700,705.4901,705.9300,38600
1452716046,706.2400,708.0500,705.4700,707.0000,29300
1452716344,709.3000,709.9100,705.3521,706.3800,34300
1452716640,708.6100,709.9500,707.8850,709.3000,25100
1452716947,709.4600,711.6700,708.4100,708.4100,39900
1452717245,708.0000,708.9700,706.9865,708.7600,24700
1452717540,706.1350,708.4400,703.8900,707.9000,51800
1452717841,704.0100,706.7400,703.9900,706.2400,27900
1452718142,701.1800,704.6700,701.1200,704.1750,35900
1452718440,701.6625,702.0600,699.5500,701.2200,70300
1452718756,701.6500,702.9600,700.5200,702.1000,404300
1452718800,700.5600,700.5600,700.5600,700.5600,0
1452782051,701.8400,704.7600,701.0000,704.6600,0
1452782342,699.4000,702.5800,698.4900,702.1500,55300
1452782640,699.3200,700.2680,694.3800,699.3800,66300
1452782999,700.9600,702.9000,698.9600,699.2500,44700
1452783248,695.6311,702.7000,695.6311,701.1900,39000
1452783540,691.0800,696.9900,690.0900,696.0800,67100
1452783840,694.3900,694.3900,689.1000,691.3600,75600
1452784142,695.4950,696.4900,693.2400,693.7300,43800
1452784440,700.1500,701.0490,693.4200,695.1800,60300
1452784746,704.6300,704.6300,699.1300,701.0000,38700
1452785040,706.3850,706.8100,701.7450,704.9700,69200
1452785347,706.6600,706.9500,704.1500,706.9500,43500
1452785642,708.8340,710.5930,706.0000,706.9000,57700
1452785947,710.7100,712.1000,708.5000,708.6600,41800
1452786249,712.7500,712.8918,707.2800,711.0000,34500
1452786540,711.1750,713.9400,710.4000,712.5156,29900
1452786842,710.0300,712.9000,710.0153,711.3700,31600
1452787154,706.4600,710.3000,706.4600,710.3000,24300
1452787447,706.8800,708.3000,705.7100,706.9580,16600
1452787771,708.0800,709.6060,706.8800,706.8800,15700
1452788045,710.2129,711.1735,708.2300,708.2300,15500
1452788358,706.9100,710.9699,706.5400,710.6070,14800
1452788642,706.0700,707.3800,706.0700,706.4200,10300
1452788946,708.1400,708.4300,705.9501,706.2100,10400
1452789240,706.8700,709.4800,706.6210,708.1800,10600
1452789541,706.6800,706.9600,704.4000,706.6500,26500
1452789840,709.5100,709.7089,706.1900,706.2200,20100
1452790164,709.9800,710.5500,709.4410,709.5100,12900
1452790499,710.9800,711.0000,709.5100,709.9900,25300
1452790755,711.2040,711.9700,710.4700,710.7300,19000
1452791050,712.2650,713.6500,710.7200,710.7200,19900
1452791340,712.0200,713.1551,711.4101,712.2400,11200
1452791656,710.4350,711.6150,709.8000,711.6150,13400
1452791953,711.6000,712.6400,710.1300,710.9500,16800
1452792240,712.0000,712.4900,709.6200,712.1000,14300
1452792598,712.0700,712.4600,710.4100,712.0300,20400
1452792841,712.4800,712.8300,711.0000,712.1900,28900
1452793141,713.7500,714.4700,712.5750,712.7900,19000
1452793460,713.7600,715.3800,713.0800,714.1300,23100
1452793748,714.3400,715.5700,713.1200,713.3200,17300
1452794060,715.3500,715.3500,713.7500,713.9350,13500
1452794397,712.0682,715.3550,712.0682,715.0900,11300
1452794657,713.9300,714.2000,712.0100,712.2600,11500
1452794956,715.8500,715.9392,713.7240,714.3100,11900
1452795245,715.6800,717.4000,715.2911,716.0000,24700
1452795548,716.5300,716.8560,715.5000,715.6600,10700
1452795842,717.2300,718.7200,716.4100,716.8600,32700
1452796141,716.5800,717.2700,715.4300,716.9900,15700
1452796460,715.9200,716.8500,715.2300,716.8500,16200
1452796741,716.1900,717.1900,715.5495,715.9300,16600
1452797074,715.5100,717.0700,715.5100,715.5800,9700
1452797399,716.5100,716.8500,715.3200,716.0700,10100
1452797642,718.5300,718.9899,716.5100,716.5100,26000
1452797944,719.5300,719.8680,718.5100,718.7400,16800
1452798266,717.4000,719.7400,716.6890,719.7400,9500
1452798543,717.1200,718.6830,716.8300,717.4500,10700
1452798849,718.7110,719.1205,717.4200,717.6800,9000
1452799166,717.8200,719.6000,717.5600,718.9200,12900
1452799451,718.1500,718.5481,717.4300,717.5600,6300
1452799740,718.4000,718.6800,717.2800,717.9100,12600
1452800042,719.5000,719.5000,718.3700,718.3700,17300
1452800346,718.3100,719.1200,717.6904,719.1200,12800
1452800640,720.1500,720.4800,718.6020,718.6020,13200
1452800998,719.8196,720.6700,719.4700,719.8200,10100
1452801257,721.2200,721.8800,719.7300,719.7300,17500
1452801547,721.2200,721.7800,720.5360,721.2700,20600
1452801859,719.6300,721.3500,718.7140,721.3500,12500
1452802142,720.4000,721.4525,719.2820,719.3500,14100
1452802447,720.5500,721.0000,720.1200,720.7500,17300
1452802741,721.1200,721.9250,720.7000,720.7000,39800
1452803055,718.9500,721.0450,718.5059,720.8500,42100
1452803341,716.2400,719.0400,716.2400,718.8800,24500
1452803698,715.1600,716.2300,714.9800,716.2000,19800
1452803941,715.7600,717.1100,715.3100,715.5600,34100
1452804262,715.5100,716.0500,713.3090,715.5400,40900
1452804545,714.7200,717.1999,714.5200,715.4200,30200
1452804896,715.1400,716.5100,713.9300,714.9400,43600
1452805140,714.7300,715.8800,713.0000,715.2700,246400
1452805200,714.7200,714.7200,714.7200,714.7200,2300
1452868441,696.7500,700.4800,693.4100,693.4150,0
1452868799,699.4100,701.4900,696.0050,696.7104,74700
1452869042,703.9400,703.9400,698.0500,699.5000,80000
1452869341,705.3120,706.7400,702.5800,703.1300,73100
1452869640,700.8100,705.5200,700.4436,705.2600,49200
1452869940,699.5900,701.4900,698.6700,700.3100,45500
1452870299,703.9300,703.9300,699.0800,699.9000,72100
1452870540,702.0550,705.2800,702.0000,703.9100,52800
1452870842,702.3400,705.0000,701.6000,702.8000,30500
1452871145,702.2100,703.0000,700.8000,702.2100,32800
1452871444,703.3200,704.7000,701.0750,701.8100,24500
1452871743,702.1200,704.0000,701.8251,703.3120,23200
1452872044,700.0650,704.7000,700.0650,701.8800,28000
1452872347,703.4450,703.7600,700.2700,700.3400,23900
1452872641,700.5800,703.9600,700.4200,703.9600,20900
1452872944,701.1300,701.5000,699.2600,700.3400,30200
1452873241,698.3800,701.7000,698.1800,701.4100,50200
1452873546,695.9270,698.4750,695.2900,698.4200,37900
1452873840,695.5200,697.2400,694.5500,695.7300,35300
1452874144,695.5800,697.1700,695.1712,695.4320,22700
1452874440,696.4700,697.5000,695.4865,695.9400,45300
1452874749,695.6100,696.7200,694.5100,696.6000,40000
1452875053,695.5400,696.1858,694.7200,695.2000,22100
1452875340,696.9670,697.0410,694.4400,695.7600,48800
1452875662,699.0200,700.0000,696.1000,696.9300,46800
1452875941,696.0000,699.4800,696.0000,699.2000,14200
1452876240,695.0000,696.1900,694.2883,695.8400,21200
1452876543,694.0000,695.5100,693.5801,694.8800,25700
1452876851,694.9700,696.5300,694.0000,694.0000,30400
1452877150,695.3300,696.1499,694.4100,694.9400,15000
1452877446,695.2000,696.0100,694.0801,695.2450,11800
1452877741,694.7550,695.1540,693.7500,695.1540,17600
1452878066,694.0450,695.5500,693.6600,694.9392,18900
1452878340,691.8170,693.9899,691.2665,693.8000,27600
1452878642,691.6200,692.4032,690.9050,691.9500,23100
1452878940,692.3400,693.1725,690.2611,691.4400,26400
1452879251,689.4011,692.4600,688.8800,692.4600,44800
1452879543,688.2900,689.7750,687.1405,689.6500,43500
1452879841,691.1700,691.4900,688.0600,688.2450,12900
1452880152,690.1500,692.1900,689.7800,691.5100,31000
1452880447,691.7800,692.2550,690.0000,690.2240,54800
1452880755,692.6600,693.1476,690.9000,692.0200,27400
1452881048,694.2510,694.4985,691.8600,692.3600,28000
1452881343,692.1880,694.1150,691.5300,693.9100,23100
1452881642,694.7400,696.0900,692.4300,692.4300,24000
1452881943,696.5100,696.5100,693.6000,694.6300,29500
1452882271,696.6444,697.0000,695.1300,696.5300,20200
1452882557,695.4500,696.8400,695.0000,696.4387,39500
1452882840,695.3100,695.3100,693.0800,695.2900,27200
1452883154,693.4500,695.4950,693.0000,695.1857,24900
1452883445,695.0800,695.3350,693.1100,693.1100,37600
1452883740,694.1000,696.0000,694.0000,694.9300,50300
1452884045,694.7900,696.2600,693.0200,694.4600,51100
1452884350,693.4900,695.5100,692.9201,695.1750,38400
1452884664,691.7184,694.2099,691.7184,693.6400,21600
1452884946,693.2200,693.2200,690.9100,692.0000,28200
1452885242,693.7278,694.4999,693.0400,693.1450,18200
1452885542,691.8100,693.5200,691.1000,693.5200,16900
1452885850,689.4500,691.6200,688.8800,691.6200,28600
1452886141,686.0000,690.5530,685.6500,689.6300,48700
1452886441,688.2600,689.1867,685.3700,686.0500,28800
1452886752,689.1299,689.1299,687.3200,688.0525,22900
1452887049,689.0920,691.5200,689.0400,689.1600,22500
1452887345,691.3600,691.3600,689.1500,689.7300,21000
1452887642,694.1600,694.1600,690.3200,691.3780,32700
1452887942,694.8600,694.9900,692.8633,694.3100,20900
1452888244,694.1100,695.5600,692.8250,694.8700,40600
1452888546,693.1300,694.7599,692.7400,693.8800,48000
1452888843,693.1550,693.1900,691.5000,692.6500,29600
1452889164,691.1300,693.5754,690.4600,693.0500,39300
1452889454,693.6100,693.6700,690.8800,691.1200,28900
1452889744,693.6500,694.6200,693.0350,693.7574,42500
1452890041,693.7500,694.4400,691.7400,693.5600,32700
1452890340,693.2400,694.4700,692.9201,693.6800,32500
1452890651,693.1501,693.8000,692.1600,692.9100,34800
1452890999,693.1600,694.1700,692.6800,693.8100,44600
1452891240,692.7500,693.3800,692.1400,693.3150,87300
1452891541,694.3200,695.4900,692.6400,692.9500,181900
1452891600,694.4500,694.5600,694.4500,694.5600,36200
