1451918099,54.1350,54.3150,53.9050,54.3150,2288900
1451918399,54.3100,54.3300,54.1200,54.1350,1060300
1451918699,54.2050,54.5400,54.1900,54.3000,1052600
1451918999,54.2699,54.3350,54.1750,54.2001,622200
1451919299,54.3250,54.3900,54.2500,54.2640,831900
1451919599,54.4700,54.4900,54.3150,54.3200,741600
1451919843,54.0900,54.4650,54.0600,54.4600,1097700
1451920140,54.2800,54.2900,54.0900,54.1000,703400
1451920440,54.0300,54.2900,53.9800,54.2801,771100
1451920797,54.0450,54.0700,53.9800,54.0300,742200
1451921040,53.9150,54.0800,53.8200,54.0455,936100
1451921340,53.8250,54.0000,53.8200,53.9150,510500
1451921698,53.7000,53.8285,53.6900,53.8275,571300
1451921940,53.7700,53.7900,53.6700,53.6950,510000
1451922240,53.8675,53.8900,53.6500,53.7601,573200
1451922599,53.7900,53.8700,53.7200,53.8700,469800
1451922899,53.5650,53.8240,53.5450,53.7900,912800
1451923199,53.4850,53.5600,53.4500,53.5500,924300
1451923499,53.4800,53.5500,53.4000,53.4900,751900
1451923740,53.4599,53.4900,53.3900,53.4800,546000
1451924041,53.6500,53.6700,53.4650,53.4700,696800
1451924340,53.5750,53.6765,53.5350,53.6500,408200
1451924698,53.6800,53.7200,53.5450,53.5673,375100
1451924998,53.6800,53.6900,53.5850,53.6800,427900
1451925240,53.7100,53.7200,53.5900,53.6700,485700
1451925540,53.7150,53.7300,53.6100,53.7100,430900
1451925841,53.8900,53.9100,53.7125,53.7200,687200
1451926199,53.8500,53.9000,53.7900,53.8900,402000
1451926440,53.8150,53.9200,53.8100,53.8500,534800
1451926740,53.8300,53.8500,53.7800,53.8200,340700
1451927040,53.7100,53.8300,53.7000,53.8300,568100
1451927340,53.7200,53.7800,53.6600,53.7189,355600
1451927699,53.6700,53.7500,53.6600,53.7249,433800
1451927999,53.7850,53.7900,53.6700,53.6750,499300
1451928240,53.7600,53.8000,53.7200,53.7800,318700
1451928599,53.7700,53.8300,53.7400,53.7600,391600
1451928840,53.7065,53.7700,53.6800,53.7600,395400
1451929145,53.7600,53.7700,53.7000,53.7000,442100
1451929444,53.8190,53.8300,53.6900,53.7700,387300
1451929799,53.8400,53.8500,53.7700,53.8200,382000
1451930099,53.9350,53.9500,53.8200,53.8350,548500
1451930398,53.9364,53.9600,53.8300,53.9350,564100
1451930699,53.9600,53.9950,53.8850,53.9400,494700
1451930999,54.0350,54.0550,53.9536,53.9600,460900
1451931299,54.0010,54.0300,53.9800,54.0300,481500
1451931542,53.9850,54.0800,53.9750,54.0035,410300
1451931897,53.9366,54.0095,53.9150,53.9861,402300
1451932199,53.9900,54.0300,53.9000,53.9400,295000
1451932442,53.9750,54.0000,53.9400,53.9900,293900
1451932799,53.9950,54.0050,53.9500,53.9899,280200
1451933041,53.9600,54.0400,53.9600,53.9900,352400
1451933396,53.9200,53.9800,53.9100,53.9600,310500
1451933699,53.9550,54.0300,53.9199,53.9200,295600
1451933940,53.9450,54.0200,53.9250,53.9650,343700
1451934240,53.9548,53.9600,53.8700,53.9300,434000
1451934599,53.9400,53.9600,53.8400,53.9600,395800
1451934899,53.9000,53.9499,53.8785,53.9400,432700
1451935198,54.0000,54.0000,53.8500,53.9000,413200
1451935498,54.1175,54.1500,53.9800,54.0100,387500
1451935799,54.0858,54.1500,54.0650,54.1150,357300
1451936098,54.0200,54.1250,53.9900,54.0900,482700
1451936341,54.0400,54.0600,53.9800,54.0150,548400
1451936643,54.0800,54.0900,54.0300,54.0400,417600
1451936998,54.0600,54.1200,54.0100,54.0800,389500
1451937243,53.9991,54.1400,53.9600,54.0600,418400
1451937599,54.0900,54.1000,54.0000,54.0000,390000
1451937899,53.8850,54.1000,53.8850,54.0900,478900
1451938140,53.8800,53.9650,53.8350,53.8900,464800
1451938444,53.9050,53.9400,53.8100,53.8800,612000
1451938799,54.0000,54.0050,53.8730,53.9061,614500
1451939099,53.8100,54.0000,53.8100,54.0000,647500
1451939341,53.9500,53.9700,53.8100,53.8150,609100
1451939699,54.0650,54.0850,53.9500,53.9550,473100
1451939998,54.1639,54.1650,54.0450,54.0650,679900
1451940299,54.3100,54.3275,54.1600,54.1700,752700
1451940599,54.4400,54.4700,54.2900,54.3000,903600
1451940840,54.4900,54.5700,54.3900,54.4700,1343400
1451941141,54.6350,54.6600,54.5000,54.5100,9445700
1451941200,54.8000,54.8000,54.8000,54.8000,0
1452004440,54.9455,55.2500,54.8600,54.8800,0
1452004799,54.8500,54.9900,54.7700,54.9350,422900
1452005099,55.1230,55.1230,54.8000,54.8500,488400
1452005399,55.2937,55.3200,55.0910,55.1300,712500
1452005640,55.0500,55.3299,55.0400,55.3000,490200
1452005999,55.0300,55.0900,54.9700,55.0400,337000
1452006299,54.9424,55.0450,54.8900,55.0300,543700
1452006599,54.9000,55.0100,54.8900,54.9500,327000
1452006897,55.1000,55.1000,54.8900,54.8950,333400
1452007198,55.0700,55.1100,55.0500,55.0936,357500
1452007498,55.0650,55.1500,55.0000,55.0600,461300
1452007740,54.9800,55.0700,54.9800,55.0650,404400
1452008040,54.9200,54.9800,54.7500,54.9600,823100
1452008399,54.8900,54.9350,54.8300,54.9200,336600
1452008693,54.9100,55.0200,54.8700,54.8900,290300
1452008999,55.1200,55.1200,54.9100,54.9550,279400
1452009241,55.1600,55.1900,55.0800,55.1200,257000
1452009599,55.0700,55.1900,55.0700,55.1600,265100
1452009899,54.9900,55.1501,54.9900,55.0700,270300
1452010196,54.9290,55.0200,54.8900,54.9900,307400
1452010499,54.8600,54.9350,54.8150,54.9300,246900
1452010799,54.8700,54.9400,54.8200,54.8600,317400
1452011096,54.9900,55.0030,54.8600,54.8700,508900
1452011395,54.9800,55.0500,54.9400,54.9950,244500
1452011699,55.0600,55.0600,54.9600,54.9800,383400
1452011941,55.0400,55.1250,55.0400,55.0700,276200
1452012296,55.0100,55.0600,55.0000,55.0450,234400
1452012599,55.1000,55.1000,54.9800,55.0100,256200
1452012842,55.0355,55.1400,55.0355,55.1000,305300
1452013146,55.0350,55.0600,55.0000,55.0400,219200
1452013440,54.9300,55.0400,54.8900,55.0400,362100
1452013799,54.8650,54.9500,54.8358,54.9350,301300
1452014056,54.8600,54.9100,54.8500,54.8650,486200
1452014343,54.8100,54.8590,54.7800,54.8555,215300
1452014640,54.8334,54.8450,54.7650,54.7800,261200
1452014941,54.8260,54.8700,54.7950,54.8399,253500
1452015298,54.6900,54.8300,54.6650,54.8250,300900
1452015540,54.6500,54.7299,54.6200,54.6800,326700
1452015841,54.6558,54.6600,54.5400,54.6500,326500
1452016193,54.7200,54.7300,54.6540,54.6540,291500
1452016440,54.8700,54.8700,54.6800,54.7200,285400
1452016799,54.9000,54.9000,54.8139,54.8600,229100
1452017099,54.9200,54.9200,54.8400,54.8900,341000
1452017398,54.9240,54.9800,54.8700,54.9200,288200
1452017699,54.8950,54.9800,54.8860,54.9200,247800
1452017999,54.8200,54.9400,54.8100,54.8900,220900
1452018299,54.8942,54.9200,54.7800,54.8190,290800
1452018599,54.9300,54.9900,54.8840,54.9000,174900
1452018899,54.9900,55.0000,54.9300,54.9340,575600
1452019140,54.9694,55.0000,54.9400,54.9900,168500
1452019440,55.1100,55.1100,54.9500,54.9650,315500
1452019799,55.1500,55.1590,55.1000,55.1100,242500
1452020041,55.1640,55.1900,55.1100,55.1550,344500
1452020399,55.1060,55.1900,55.1000,55.1600,240400
1452020642,55.1350,55.1662,55.0900,55.1028,386300
1452020940,55.1800,55.1800,55.1200,55.1360,223700
1452021299,55.1800,55.2300,55.1600,55.1800,322200
1452021541,55.2637,55.3000,55.1400,55.1800,317100
1452021841,55.3463,55.3650,55.2606,55.2700,342300
1452022199,55.3000,55.3900,55.2950,55.3600,299600
1452022498,55.2200,55.3200,55.2000,55.3000,349700
1452022741,55.1500,55.2400,55.1200,55.2200,238400
1452023098,55.1000,55.1900,55.0650,55.1600,513700
1452023343,55.1700,55.1800,55.0700,55.0901,457000
1452023699,55.1800,55.2200,55.1500,55.1700,332500
1452023940,55.2100,55.2300,55.1250,55.1701,288700
1452024299,55.1000,55.1900,55.0800,55.1800,255300
1452024599,55.0700,55.1100,55.0400,55.0900,433900
1452024899,55.2200,55.2200,55.0600,55.0800,386500
1452025140,55.1900,55.2450,55.1300,55.2200,511800
1452025442,55.0900,55.1900,55.0300,55.1900,467800
1452025740,55.2239,55.2500,55.0600,55.1000,477600
1452026041,55.2500,55.3300,55.1550,55.2250,598600
1452026342,55.2500,55.2899,55.1600,55.2501,546800
1452026699,55.2599,55.3650,55.2200,55.2900,585100
1452026999,55.2300,55.2700,55.1100,55.2600,650900
1452027240,55.0800,55.2650,55.0700,55.2250,874600
1452027543,55.0700,55.1900,55.0300,55.0900,3823900
1452027600,55.0500,55.0500,55.0500,55.0500,2700
1452090899,54.2550,54.3900,54.2200,54.3900,0
1452091199,54.3050,54.4001,54.2100,54.2550,789000
1452091440,54.3400,54.3600,54.2600,54.3000,670300
1452091799,54.2400,54.3500,54.1400,54.3400,605500
1452092043,54.2800,54.4000,54.2000,54.2400,1063000
1452092399,54.2900,54.3700,54.2200,54.2800,889400
1452092640,54.1200,54.3050,54.1000,54.2800,606300
1452092998,54.1938,54.2050,54.1000,54.1146,430900
1452093299,54.1500,54.2100,54.1000,54.2000,640100
1452093599,54.1200,54.1800,54.1000,54.1550,350400
1452093842,54.2300,54.2500,54.1200,54.1200,731300
1452094199,54.2650,54.2800,54.1600,54.2300,659400
1452094442,54.2137,54.2800,54.1900,54.2650,431700
1452094740,54.1800,54.2800,54.1700,54.2100,398100
1452095041,54.1090,54.2700,54.1000,54.1700,479500
1452095399,54.1075,54.1300,54.0500,54.1000,362800
1452095640,54.0750,54.1450,54.0700,54.1050,353200
1452095940,54.2068,54.2300,54.0500,54.0750,704700
1452096299,54.2400,54.2500,54.1000,54.2000,517900
1452096599,54.0600,54.2500,54.0600,54.2300,331300
1452096840,53.9000,54.0700,53.7700,54.0637,1014600
1452097140,53.9200,53.9200,53.8700,53.8900,732500
1452097498,54.1250,54.1700,53.9230,53.9300,513000
1452097799,54.1600,54.2100,54.1100,54.1300,403600
1452098099,54.2000,54.2200,54.1237,54.1600,286400
1452098340,54.2250,54.2300,54.1750,54.1990,326900
1452098643,54.1900,54.2700,54.1500,54.2300,407400
1452098999,54.1836,54.2100,54.1500,54.2000,652700
1452099245,54.2100,54.2400,54.1700,54.1800,340400
1452099546,54.1400,54.2200,54.1100,54.2100,310100
1452099899,54.2100,54.2200,54.1200,54.1500,270700
1452100198,54.2000,54.2300,54.1350,54.2010,269800
1452100440,54.1800,54.2050,54.1700,54.2000,131200
1452100799,54.1650,54.2100,54.1500,54.1900,174000
1452101099,54.1950,54.2100,54.1200,54.1685,165100
1452101398,54.1900,54.2200,54.1000,54.1950,254000
1452101642,54.2100,54.2222,54.1400,54.1900,206800
1452101940,54.2650,54.3100,54.1750,54.2050,472400
1452102240,54.1900,54.2900,54.1900,54.2650,245500
1452102540,54.1800,54.2200,54.1500,54.1800,222800
1452102899,54.1850,54.2200,54.1600,54.1900,141700
1452103197,54.1850,54.2100,54.1700,54.1890,99000
1452103441,54.2100,54.2200,54.1200,54.1800,214200
1452103740,54.1600,54.2200,54.1600,54.2150,184400
1452104040,54.0500,54.1800,54.0500,54.1610,250800
1452104399,54.0662,54.1300,54.0400,54.0565,174800
1452104640,54.0950,54.1100,54.0500,54.0700,238900
1452104943,54.0750,54.1300,54.0700,54.1099,191100
1452105299,54.1250,54.1300,54.0500,54.0800,242500
1452105599,54.1250,54.2025,54.1200,54.1200,384900
1452105840,54.0600,54.1300,54.0300,54.1265,269600
1452106198,53.9800,54.0900,53.9800,54.0600,243800
1452106442,54.0900,54.0900,53.9600,53.9800,370500
1452106743,54.0499,54.1290,54.0300,54.0800,191700
1452107040,54.1700,54.2200,54.0100,54.0500,440700
1452107341,54.2300,54.2400,54.1000,54.1700,486800
1452107696,54.1650,54.2200,54.0900,54.2200,544100
1452107940,54.1200,54.2000,54.1000,54.1700,544500
1452108298,54.1100,54.1400,54.0300,54.1300,411600
1452108599,54.0599,54.1300,54.0200,54.1100,415100
1452108897,54.1050,54.1400,54.0300,54.0600,370800
1452109199,54.1000,54.1500,54.0500,54.1200,254500
1452109443,53.8700,54.1200,53.8000,54.0950,584200
1452109740,53.6900,53.8850,53.6800,53.8700,510300
1452110040,53.8000,53.8200,53.6400,53.6900,496300
1452110399,53.7458,53.8300,53.7100,53.8000,313400
1452110640,53.7900,53.8300,53.7200,53.7500,375600
1452110999,53.7800,53.8100,53.7700,53.7930,387400
1452111299,53.8750,53.8800,53.7600,53.7900,496900
1452111599,53.9400,53.9700,53.8550,53.8800,376700
1452111899,53.9700,54.0200,53.9400,53.9406,536300
1452112140,53.9850,54.0100,53.9300,53.9700,473800
1452112498,54.0362,54.0800,53.9700,53.9900,811100
1452112740,54.0400,54.0900,53.9900,54.0400,588600
1452113099,54.0300,54.0799,53.9800,54.0450,448800
1452113398,54.0600,54.0600,53.9700,54.0300,879800
1452113699,53.9700,54.0699,53.8800,54.0699,862800
1452113941,54.0750,54.1000,53.9400,53.9600,5112300
1452114000,54.0500,54.0500,54.0500,54.0500,0
1452177299,52.0900,52.7350,52.0700,52.7300,0
1452177540,52.7291,52.8400,52.1001,52.1001,1410200
1452177841,52.5700,52.7900,52.5000,52.7300,1423500
1452178140,52.6042,52.6200,52.4600,52.5700,1233000
1452178440,52.8556,52.9600,52.5733,52.5800,925700
1452178740,52.7300,52.8950,52.7300,52.8600,837800
1452179045,52.6800,52.8100,52.6550,52.7100,787900
1452179399,52.6850,52.7200,52.5400,52.6700,658400
1452179699,52.7700,52.7800,52.6200,52.6850,644400
1452179940,52.9700,53.0200,52.7300,52.7600,986500
1452180299,52.8400,53.0025,52.8150,52.9700,620200
1452180598,52.8600,52.9500,52.8100,52.8500,569300
1452180899,53.0400,53.0500,52.8500,52.8600,997600
1452181140,53.2390,53.2400,52.9500,53.0400,1160400
1452181499,53.0800,53.2300,53.0300,53.2100,920400
1452181798,53.1800,53.3100,53.0500,53.0800,526500
1452182043,53.3800,53.4100,53.1800,53.1800,495800
1452182398,53.3050,53.4850,53.2950,53.3800,603100
1452182640,53.2300,53.3300,53.2000,53.3050,430700
1452182999,53.1600,53.2300,53.0900,53.2200,402200
1452183240,53.1250,53.2300,53.1000,53.1500,462400
1452183599,53.1735,53.2200,53.1100,53.1285,285000
1452183899,52.9000,53.1799,52.8718,53.1750,951800
1452184140,52.9000,53.0100,52.8400,52.8900,606000
1452184443,52.9800,53.0600,52.9000,52.9000,352400
1452184741,53.0000,53.0400,52.9700,52.9900,217200
1452185040,52.9810,53.0900,52.9750,53.0011,336600
1452185341,52.8570,52.9850,52.7900,52.9800,377800
1452185640,52.8600,52.9100,52.8200,52.8550,400900
1452185942,52.8500,52.9500,52.8300,52.8600,361200
1452186240,52.8500,52.9100,52.8100,52.8562,273100
1452186598,52.8300,52.9100,52.7600,52.8500,365500
1452186840,52.8100,52.8800,52.7850,52.8250,336100
1452187197,52.8400,52.9000,52.8200,52.8300,216900
1452187440,52.7800,52.8900,52.7400,52.8300,368800
1452187741,52.8100,52.8300,52.7700,52.7800,241000
1452188098,52.9000,52.9000,52.7900,52.8090,187500
1452188398,52.8300,52.9000,52.7500,52.8900,485800
1452188643,52.7900,52.8600,52.7700,52.8250,267000
1452188947,52.8900,52.9000,52.7700,52.7900,234400
1452189297,52.8600,52.9100,52.8450,52.8850,196700
1452189599,52.7800,52.8600,52.7450,52.8501,348500
1452189840,52.7543,52.8300,52.7450,52.7771,417800
1452190199,52.6700,52.7700,52.5800,52.7600,557400
1452190440,52.5300,52.6800,52.4700,52.6700,639300
1452190799,52.5000,52.5650,52.4600,52.5350,365000
1452191099,52.6300,52.6300,52.3800,52.5000,736900
1452191340,52.6400,52.7700,52.6300,52.6400,409700
1452191699,52.5800,52.6400,52.5100,52.6200,262900
1452191999,52.4300,52.6200,52.3400,52.5900,807400
1452192240,52.4300,52.5000,52.3300,52.4200,452900
1452192599,52.5600,52.5600,52.3900,52.4300,413000
1452192841,52.5800,52.6150,52.4800,52.5550,275800
1452193199,52.4400,52.6000,52.4200,52.5600,244500
1452193499,52.3252,52.4800,52.3200,52.4400,515700
1452193799,52.4450,52.4700,52.2800,52.3265,396500
1452194099,52.4900,52.6800,52.4050,52.4450,495900
1452194340,52.5800,52.6000,52.4300,52.4950,275900
1452194699,52.5100,52.6250,52.4500,52.5800,401100
1452194996,52.3800,52.5200,52.3450,52.5000,392900
1452195299,52.3590,52.4200,52.2400,52.3800,687700
1452195598,52.4750,52.4899,52.3600,52.3600,652700
1452195841,52.6150,52.6600,52.3969,52.4750,754400
1452196199,52.6662,52.6700,52.5731,52.6200,387700
1452196498,52.5500,52.6800,52.5400,52.6500,529000
1452196740,52.4399,52.5900,52.4300,52.5440,461200
1452197099,52.3700,52.4700,52.3010,52.4300,605300
1452197397,52.5399,52.5400,52.3301,52.3700,439700
1452197699,52.4850,52.6200,52.4200,52.5350,618700
1452197940,52.4900,52.5800,52.4100,52.4850,558500
1452198240,52.4200,52.4995,52.3600,52.4995,531200
1452198599,52.3000,52.4250,52.2900,52.4250,458600
1452198899,52.6000,52.6300,52.2950,52.2950,679400
1452199199,52.6000,52.6400,52.4900,52.6100,648400
1452199499,52.5000,52.6500,52.5000,52.6000,554500
1452199799,52.6700,52.7670,52.4500,52.4900,624100
1452200041,52.4900,52.6700,52.4400,52.6600,1935800
1452200341,52.1800,52.5900,52.1700,52.4800,4030100
1452200400,52.1700,52.1700,52.1700,52.1700,4853500
1452263699,52.4700,52.5690,52.2900,52.4500,0
1452263941,52.5350,52.5550,52.3300,52.4700,1530100
1452264299,52.5900,52.7100,52.5300,52.5300,1280700
1452264540,52.6750,52.7300,52.5800,52.5900,862900
1452264898,52.7900,52.8500,52.6670,52.6800,973600
1452265199,52.9600,52.9700,52.7500,52.8000,679500
1452265499,52.7000,52.9600,52.6575,52.9600,719800
1452265741,52.7000,52.8100,52.6700,52.6900,613700
1452266099,52.7350,52.7850,52.6500,52.6800,583200
1452266340,52.9300,52.9700,52.6900,52.7350,663000
1452266699,53.0600,53.0600,52.9000,52.9400,816100
1452266940,52.9265,53.1050,52.9265,53.0500,665200
1452267299,52.9300,53.0200,52.9150,52.9300,465000
1452267540,52.7000,52.9525,52.6400,52.9250,578000
1452267899,52.6690,52.7400,52.6600,52.7100,513300
1452268198,52.6150,52.8000,52.6100,52.6550,542100
1452268440,52.4800,52.6150,52.4300,52.6150,483200
1452268798,52.5000,52.5550,52.4200,52.4800,418900
1452269099,52.5249,52.6000,52.4900,52.5000,337500
1452269399,52.7250,52.7250,52.4900,52.5300,492000
1452269640,52.6000,52.7300,52.5750,52.7250,452500
1452269999,52.4900,52.6300,52.4000,52.5949,918800
1452270240,52.4100,52.4900,52.3800,52.4900,228400
1452270541,52.3500,52.4600,52.2900,52.4100,297200
1452270898,52.2099,52.3800,52.1500,52.3500,620500
1452271199,52.4300,52.4360,52.1500,52.1900,451300
1452271499,52.4800,52.5000,52.3500,52.4300,466700
1452271740,52.6600,52.7000,52.4750,52.4800,435700
1452272042,52.8500,52.8700,52.6500,52.6600,392800
1452272340,52.9200,52.9500,52.8250,52.8500,285500
1452272640,52.9650,52.9800,52.9100,52.9200,445700
1452272999,53.2200,53.2200,52.9600,52.9650,621400
1452273299,53.0000,53.2100,52.9600,53.2100,449000
1452273598,52.9600,53.0350,52.9300,53.0000,381300
1452273899,53.1250,53.1410,52.9400,52.9650,340700
1452274140,53.0200,53.1200,53.0000,53.1200,350300
1452274498,52.9500,53.0350,52.9500,53.0200,237800
1452274799,52.8650,52.9950,52.8500,52.9500,294400
1452275042,52.8570,52.9300,52.8500,52.8600,298700
1452275397,53.0054,53.0350,52.8100,52.8600,528700
1452275699,53.0200,53.0300,52.9364,53.0001,302200
1452275999,53.0793,53.1200,52.9950,53.0150,294500
1452276294,53.0200,53.1000,52.9800,53.0700,496700
1452276540,53.0050,53.0400,52.9400,53.0154,441500
1452276899,52.9500,53.0100,52.9289,53.0000,292300
1452277140,52.9700,52.9700,52.8750,52.9401,442200
1452277499,52.9600,53.0100,52.9201,52.9600,647900
1452277799,53.0100,53.0200,52.9200,52.9400,337300
1452278099,53.1100,53.1650,52.9795,53.0000,525800
1452278341,53.2150,53.2500,53.1100,53.1100,467600
1452278697,53.2150,53.2800,53.1600,53.2200,406100
1452278942,53.0950,53.2250,53.0900,53.2200,1034800
1452279242,53.1200,53.1798,53.1000,53.1000,423300
1452279599,52.9700,53.1200,52.9400,53.1160,333600
1452279842,53.0134,53.0500,52.9500,52.9799,578400
1452280199,53.0200,53.0300,52.9600,53.0200,408300
1452280499,52.9365,53.0250,52.9200,53.0200,382200
1452280798,52.9500,52.9800,52.8650,52.9300,380000
1452281099,52.8400,52.9700,52.8200,52.9499,383900
1452281340,52.8200,52.8650,52.7600,52.8400,423000
1452281642,52.8800,52.9200,52.7850,52.8100,520500
1452281999,52.8000,52.9000,52.7700,52.8800,802900
1452282299,52.9000,52.9150,52.7300,52.8050,422600
1452282598,52.9100,52.9800,52.8400,52.8900,301600
1452282899,52.8600,52.9500,52.7899,52.9100,360600
1452283140,52.8300,52.8800,52.7700,52.8500,383400
1452283441,52.8600,52.8950,52.7700,52.8200,298000
1452283741,52.8200,52.9000,52.7900,52.8600,297000
1452284040,52.8400,52.9100,52.7450,52.8200,547400
1452284399,52.7200,52.9100,52.7100,52.8400,395000
1452284640,52.7734,52.7950,52.6800,52.7300,380100
1452284999,52.6900,52.8100,52.6400,52.7800,437800
1452285299,52.6600,52.7050,52.5900,52.6837,445200
1452285599,52.5800,52.6800,52.5600,52.6600,650300
1452285898,52.5850,52.6700,52.5300,52.5800,901300
1452286199,52.4200,52.6000,52.4100,52.5800,779900
1452286441,52.3200,52.5000,52.3100,52.4100,1085500
1452286740,52.2900,52.3900,52.2650,52.3300,6131800
1452286800,52.3300,52.3300,52.3300,52.3300,0
1452522840,52.7700,52.8500,52.5750,52.6300,0
1452523199,52.5890,52.8300,52.5500,52.7800,554900
1452523499,52.6400,52.6800,52.5700,52.5900,390100
1452523799,52.5100,52.6700,52.5000,52.6500,510500
1452524099,52.4200,52.5500,52.3900,52.5231,528200
1452524398,52.4250,52.4400,52.3500,52.4231,664300
1452524699,52.3565,52.4700,52.3500,52.4200,333200
1452524999,52.4150,52.4200,52.2500,52.3500,452400
1452525299,52.3700,52.5406,52.3650,52.4250,530300
1452525540,52.1601,52.3800,52.0800,52.3650,554900
1452525841,52.3500,52.3750,52.1600,52.1700,368800
1452526199,52.4800,52.4900,52.3450,52.3600,244800
1452526440,52.5000,52.5300,52.4000,52.4900,321300
1452526799,52.4100,52.5300,52.3900,52.5100,343500
1452527040,52.5000,52.5000,52.3700,52.4000,242300
1452527341,52.3600,52.5200,52.2900,52.5100,304300
1452527640,52.1640,52.3700,52.1200,52.3600,404700
1452527940,52.0800,52.1950,52.0250,52.1650,421600
1452528299,52.0850,52.1500,52.0300,52.0800,369300
1452528599,52.1350,52.1500,52.0100,52.0800,367800
1452528899,52.2178,52.2450,52.1350,52.1400,276400
1452529198,52.2600,52.3190,52.1800,52.2100,261500
1452529441,52.2100,52.2600,52.1642,52.2566,327800
1452529799,52.2200,52.2500,52.1500,52.2100,322200
1452530040,52.2100,52.2400,52.1702,52.2150,350000
1452530399,52.4300,52.4500,52.1900,52.2000,460200
1452530640,52.4000,52.5400,52.3650,52.4250,398100
1452530940,52.4763,52.5100,52.3990,52.4050,321700
1452531240,52.4900,52.5800,52.4350,52.4700,268200
1452531599,52.3950,52.4902,52.3745,52.4900,293000
1452531840,52.3400,52.4100,52.2800,52.4000,332800
1452532199,52.2858,52.3890,52.2800,52.3400,246600
1452532442,52.2823,52.4200,52.2700,52.2800,325800
1452532799,52.1600,52.3200,52.1100,52.2700,347300
1452533099,52.0400,52.2200,52.0300,52.1600,616400
1452533398,51.8700,52.0550,51.8200,52.0500,824800
1452533698,51.9350,51.9700,51.8700,51.8700,293900
1452533940,51.8600,52.0000,51.8600,51.9300,423000
1452534298,51.9350,51.9600,51.8000,51.8700,391900
1452534598,51.9200,51.9900,51.8800,51.9350,233000
1452534899,51.8500,51.9600,51.8500,51.9300,332600
1452535140,51.9264,51.9300,51.8300,51.8490,290300
1452535499,51.9675,51.9800,51.8800,51.9300,319300
1452535741,51.9635,52.0200,51.9300,51.9700,315300
1452536040,51.7201,51.9800,51.7200,51.9650,517900
1452536399,51.8900,51.8900,51.6800,51.7200,329900
1452536640,51.8900,51.9400,51.8800,51.8900,269100
1452536941,51.7850,51.9164,51.7600,51.9000,330800
1452537245,51.7900,51.8300,51.7500,51.7900,291600
1452537599,51.7700,51.8300,51.6900,51.7936,244900
1452537841,51.6536,51.7700,51.6000,51.7700,391400
1452538142,51.5200,51.6580,51.4900,51.6580,401200
1452538498,51.6100,51.6200,51.4800,51.5200,413400
1452538799,51.5800,51.6700,51.5700,51.6062,284100
1452539040,51.6500,51.6700,51.4600,51.5750,472100
1452539340,51.7200,51.7600,51.5850,51.6350,513000
1452539640,51.6900,51.8300,51.6900,51.7200,419800
1452539998,51.7850,51.8200,51.6900,51.6900,340200
1452540299,51.9400,51.9500,51.7250,51.7900,681200
1452540598,51.9850,52.0600,51.9000,51.9400,567500
1452540840,51.9900,52.0400,51.9450,51.9900,362500
1452541198,51.9900,52.0000,51.8950,51.9800,341500
1452541498,52.0300,52.0800,51.9500,51.9900,443100
1452541740,51.9600,52.0650,51.9400,52.0300,275000
1452542099,51.9000,51.9624,51.8800,51.9624,280200
1452542399,51.9124,51.9400,51.8450,51.9000,227300
1452542698,51.9200,51.9800,51.8700,51.9200,345500
1452542940,51.8400,51.9200,51.7300,51.9200,624000
1452543297,51.7700,51.8500,51.7200,51.8400,335900
1452543599,51.8150,51.8401,51.6800,51.7800,430800
1452543899,52.0900,52.1000,51.7700,51.8150,398300
1452544145,52.2500,52.3300,52.0600,52.0900,749100
1452544440,52.4000,52.4040,52.2100,52.2600,831900
1452544743,52.4900,52.5800,52.3080,52.4000,852100
1452545040,52.4950,52.5756,52.4200,52.4899,845500
1452545399,52.3800,52.5000,52.3250,52.4900,528200
1452545699,52.4250,52.4668,52.3600,52.3800,572000
1452545941,52.4200,52.4500,52.3300,52.4300,4297600
1452546000,52.3000,52.3000,52.3000,52.3000,0
1452609243,52.8200,52.8300,52.6100,52.7300,0
1452609542,52.7630,52.9000,52.7500,52.8000,666200
1452609898,52.8305,52.8900,52.7600,52.7700,621500
1452610198,52.9700,53.1000,52.8200,52.8200,792200
1452610442,52.9100,53.0300,52.8800,52.9850,426200
1452610799,52.8200,52.9100,52.7600,52.9000,447900
1452611099,52.6700,52.8850,52.6400,52.8200,421600
1452611340,52.6800,52.7600,52.6500,52.6800,681500
1452611641,52.6501,52.8000,52.6500,52.6900,392000
1452611999,52.6800,52.6950,52.5850,52.6600,570800
1452612240,52.6200,52.7100,52.6000,52.6700,485400
1452612598,52.6950,52.7061,52.6100,52.6300,330400
1452612899,52.8950,52.8950,52.6800,52.6900,428700
1452613199,52.7500,52.9001,52.7100,52.8900,561500
1452613499,52.6999,52.8000,52.6100,52.7500,302800
1452613741,52.5300,52.7000,52.5300,52.6900,337200
1452614040,52.5400,52.5800,52.5000,52.5400,309900
1452614399,52.6999,52.7100,52.5500,52.5500,351000
1452614642,52.6276,52.7100,52.5700,52.7000,684800
1452614999,52.5360,52.6379,52.5200,52.6200,356300
1452615299,52.4000,52.5360,52.3300,52.5310,431000
1452615542,52.5300,52.5600,52.3800,52.4099,258200
1452615899,52.4700,52.5550,52.4400,52.5214,248300
1452616199,52.4700,52.5100,52.3800,52.4650,226400
1452616499,52.4100,52.4700,52.3600,52.4700,218200
1452616799,52.1600,52.4200,52.1600,52.4200,464000
1452617099,52.3400,52.3450,52.1100,52.1550,407100
1452617399,52.2800,52.3460,52.2300,52.3450,379300
1452617699,52.2900,52.3300,52.2700,52.2850,433200
1452617996,52.3415,52.4000,52.2860,52.2900,329900
1452618240,52.5050,52.5200,52.3200,52.3500,309900
1452618599,52.4900,52.5600,52.4700,52.5000,215700
1452618898,52.4100,52.4900,52.3900,52.4896,213500
1452619140,52.2500,52.4200,52.2500,52.4100,303100
1452619441,52.2362,52.3050,52.1915,52.2600,277400
1452619798,52.3400,52.3800,52.2351,52.2351,211800
1452620041,52.1700,52.3900,52.1640,52.3300,273500
1452620340,52.1790,52.2000,52.0600,52.1700,273200
1452620640,52.1200,52.1950,52.0800,52.1900,211100
1452620998,52.2600,52.3200,52.1037,52.1100,253100
1452621299,52.3200,52.3450,52.2450,52.2600,199000
1452621599,52.2700,52.3300,52.2300,52.3200,389300
1452621840,52.3450,52.4240,52.2700,52.2700,262400
1452622198,52.3947,52.4100,52.3001,52.3475,155400
1452622499,52.5500,52.5600,52.3700,52.3950,327700
1452622740,52.4800,52.5590,52.4300,52.5500,314600
1452623099,52.3300,52.4750,52.3300,52.4750,227400
1452623399,52.3200,52.3800,52.3000,52.3300,183500
1452623699,52.3500,52.4350,52.2999,52.3100,271500
1452623940,52.3400,52.4100,52.2900,52.3500,194700
1452624299,52.4950,52.5000,52.3100,52.3500,188300
1452624597,52.4900,52.5100,52.4200,52.4900,331400
1452624840,52.5100,52.5500,52.4750,52.5000,155400
1452625140,52.3700,52.5100,52.3700,52.5031,236200
1452625498,52.1700,52.4150,52.1600,52.3700,353200
1452625740,52.2000,52.2200,52.1100,52.1800,351000
1452626041,52.1750,52.2850,52.1600,52.1900,417700
1452626399,52.1100,52.1780,52.0600,52.1700,386100
1452626699,52.3250,52.3300,52.0700,52.1100,293900
1452626940,52.3400,52.3900,52.2800,52.3200,431600
1452627299,52.5300,52.5300,52.3200,52.3400,382000
1452627542,52.6700,52.6900,52.5100,52.5350,494200
1452627845,52.5900,52.6900,52.5410,52.6700,293900
1452628140,52.5940,52.6600,52.5500,52.5810,251700
1452628499,52.7500,52.7600,52.5500,52.6000,286600
1452628799,52.8100,52.8100,52.7300,52.7500,436700
1452629041,52.6600,52.8200,52.5800,52.8000,767000
1452629399,52.5800,52.7300,52.5800,52.6650,289700
1452629640,52.6400,52.6900,52.5800,52.5900,281900
1452629999,52.7900,52.8300,52.6150,52.6400,509700
1452630241,52.9500,52.9500,52.7900,52.8000,609500
1452630599,52.8600,52.9700,52.8500,52.9400,701300
1452630899,52.7654,52.8700,52.7300,52.8600,514500
1452631199,52.7000,52.8600,52.7000,52.7600,472100
1452631442,52.8900,52.9100,52.6500,52.6900,486700
1452631740,52.8400,52.9501,52.8000,52.8900,435400
1452632099,52.8050,52.8500,52.7590,52.8400,812000
1452632341,52.7700,52.8400,52.7400,52.8100,5729500
1452632400,52.7800,52.7800,52.7800,52.7800,0
1452695698,53.7800,54.0585,53.7450,53.8000,0
1452695997,53.9800,53.9800,53.7700,53.7900,1426300
1452696299,53.8400,53.9900,53.8301,53.9800,1214500
1452696541,53.8100,53.9000,53.7400,53.8600,1050200
1452696899,53.8100,53.8700,53.7350,53.8200,771900
1452697199,53.9200,53.9800,53.7700,53.8100,869500
1452697499,53.8200,53.9550,53.7500,53.9200,1017800
1452697799,53.8400,53.8400,53.7400,53.8300,674400
1452698042,53.7450,53.8550,53.7300,53.8400,679800
1452698341,53.7700,53.8300,53.7400,53.7450,638400
1452698640,53.9200,53.9550,53.7700,53.7750,615400
1452698999,53.9200,53.9600,53.8600,53.9300,381600
1452699240,53.7550,53.9150,53.7300,53.9100,1067400
1452699599,53.7600,53.8271,53.7300,53.7550,988400
1452699840,53.7700,53.8658,53.7300,53.7550,851900
1452700140,53.7500,53.8000,53.7400,53.7700,573000
1452700440,53.8050,53.8200,53.7400,53.7700,590100
1452700799,53.8500,53.8800,53.7500,53.8100,618700
1452701041,53.7500,53.8400,53.7450,53.8400,692800
1452701340,53.6200,53.7900,53.5050,53.7500,1421700
1452701640,53.5300,53.6550,53.5300,53.6100,609800
1452701999,53.5600,53.6100,53.4050,53.5300,1450100
1452702299,53.3500,53.6150,53.3200,53.5600,652000
1452702540,53.3100,53.4000,53.1850,53.3700,512300
1452702898,53.2700,53.4100,53.1200,53.2800,812400
1452703199,53.2550,53.4500,53.2500,53.2800,469400
1452703499,53.2600,53.2600,53.1100,53.2500,707400
1452703798,53.1400,53.2600,53.1400,53.2600,952600
1452704099,53.2200,53.2500,53.1350,53.1450,752700
1452704399,53.1200,53.2299,53.0500,53.2200,827200
1452704697,53.1799,53.2900,53.1100,53.1200,542000
1452704942,53.1750,53.2200,53.1300,53.1800,541800
1452705242,53.2600,53.2700,53.1340,53.1850,337300
1452705540,53.1939,53.3400,53.1500,53.2600,405800
1452705840,53.3050,53.3400,53.1600,53.1910,305700
1452706199,53.3000,53.3400,53.2000,53.3200,395700
1452706499,53.1700,53.3000,53.1300,53.3000,393800
1452706799,53.1000,53.1900,53.0900,53.1700,543500
1452707040,53.0500,53.1200,53.0200,53.0957,485300
1452707398,52.9775,53.0700,52.9600,53.0500,562600
1452707699,52.9400,52.9800,52.8100,52.9800,799800
1452707999,52.8400,52.9900,52.8000,52.9300,654100
1452708240,52.8000,52.8800,52.7200,52.8400,1093000
1452708540,52.7850,52.8200,52.6900,52.8100,692600
1452708840,52.8900,52.9500,52.7300,52.7800,524200
1452709140,52.7900,52.9600,52.7900,52.8900,473700
1452709440,52.7800,52.8300,52.7100,52.7965,468000
1452709740,52.5600,52.7800,52.5300,52.7800,642800
1452710040,52.7350,52.7600,52.5550,52.5600,593900
1452710340,52.6500,52.8300,52.6100,52.7301,667200
1452710699,52.4110,52.7000,52.3700,52.6500,940700
1452710940,52.2800,52.4799,52.2600,52.3800,562100
1452711240,52.2950,52.4900,52.2300,52.2900,600100
1452711598,52.2700,52.3483,52.1900,52.2900,694100
1452711842,52.1300,52.2600,52.1300,52.2600,769700
1452712140,52.0800,52.2000,51.9600,52.1260,904900
1452712499,52.0300,52.1900,52.0200,52.1000,569200
1452712740,51.8350,52.0350,51.7200,52.0300,1555900
1452713040,51.9600,52.0600,51.7300,51.8301,872800
1452713399,52.1300,52.1400,51.9200,51.9600,757800
1452713640,51.6400,52.1300,51.6100,52.1300,967100
1452713940,51.7400,51.8100,51.5800,51.6150,847700
1452714299,51.3550,51.7344,51.3038,51.7344,798900
1452714598,51.5700,51.5900,51.3650,51.3700,528400
1452714840,51.7900,51.7924,51.5760,51.5760,721100
1452715199,51.7900,51.8750,51.7200,51.7800,709200
1452715499,51.7900,51.9000,51.6700,51.8100,864400
1452715799,51.7800,51.9650,51.7650,51.7862,759400
1452716099,51.7450,51.8600,51.7200,51.7800,606700
1452716340,52.1000,52.1200,51.7100,51.7400,914800
1452716640,52.1562,52.2000,51.9750,52.1000,881300
1452716942,52.0600,52.2425,52.0400,52.1400,1036400
1452717299,52.0350,52.1200,51.9350,52.0400,764400
1452717599,51.8799,52.0150,51.7500,52.0000,695000
1452717898,51.8200,52.0065,51.8200,51.8800,615200
1452718140,51.6900,51.8250,51.6500,51.8200,975400
1452718440,51.7100,51.7250,51.5700,51.6600,1065500
1452718742,51.6600,51.8500,51.6000,51.7200,7395400
1452718800,51.6400,51.6400,51.6400,51.6400,0
1452782040,51.8100,52.0900,51.7300,52.0800,0
1452782399,51.8000,51.8600,51.7400,51.8100,672000
1452782699,51.9450,51.9450,51.6900,51.8100,1115100
1452782999,51.8630,51.9700,51.8000,51.9400,754900
1452783299,51.8250,51.8900,51.7650,51.8700,618400
1452783540,51.7500,51.8800,51.6400,51.8400,1057600
1452783840,51.6800,51.7700,51.6100,51.7500,701100
1452784199,51.6550,51.8100,51.6100,51.6700,809900
1452784499,51.8800,51.8900,51.5700,51.6500,665200
1452784740,52.2400,52.2400,51.8600,51.8835,1024000
1452785099,52.3200,52.3300,52.1700,52.2400,1051300
1452785340,52.2100,52.3500,52.1600,52.3262,1610300
1452785640,52.2700,52.3200,52.1300,52.2050,1309800
1452785999,52.4500,52.5350,52.2400,52.2700,822000
1452786299,52.6550,52.6800,52.3600,52.4600,612200
1452786599,52.7200,52.7700,52.6600,52.6600,771400
1452786899,52.5100,52.7300,52.5050,52.7100,713400
1452787199,52.4700,52.5600,52.4600,52.5100,609300
1452787499,52.4300,52.6100,52.3900,52.4800,503000
1452787740,52.6000,52.6200,52.4000,52.4300,461400
1452788099,52.6050,52.6400,52.5100,52.6001,421400
1452788399,52.3150,52.6200,52.3100,52.6100,462900
1452788640,52.3120,52.4300,52.3100,52.3200,420700
1452788999,52.4700,52.4700,52.2900,52.3100,450300
1452789299,52.3450,52.5350,52.3450,52.4800,365300
1452789598,52.4200,52.4500,52.3450,52.3500,292000
1452789899,52.5850,52.5900,52.4100,52.4200,336600
1452790142,52.6200,52.6800,52.5800,52.5800,381300
1452790499,52.6854,52.6950,52.5401,52.6300,297900
1452790799,52.9200,52.9200,52.6800,52.6800,717400
1452791099,52.8600,53.0100,52.8350,52.9200,467600
1452791399,52.7100,52.9000,52.7000,52.8675,346200
1452791699,52.5600,52.7200,52.5600,52.7100,357700
1452791998,52.6554,52.6700,52.5600,52.5600,487500
1452792240,52.8020,52.8200,52.5750,52.6600,268500
1452792598,52.8200,52.8500,52.7800,52.8100,203400
1452792897,52.9400,52.9675,52.7900,52.8300,344300
1452793140,52.9162,52.9600,52.8450,52.9400,273600
1452793440,52.7900,53.0000,52.7800,52.9150,539200
1452793740,52.7100,52.8200,52.6500,52.7900,419300
1452794040,52.7500,52.7600,52.6200,52.7100,259400
1452794399,52.5600,52.7800,52.5600,52.7500,207100
1452794699,52.5500,52.5700,52.4500,52.5600,585500
1452794999,52.8350,52.8700,52.5500,52.5550,615500
1452795240,52.8100,52.9000,52.7100,52.8700,595600
1452795541,52.8600,52.8950,52.7600,52.8100,457100
1452795898,52.9700,53.0750,52.8500,52.8600,642700
1452796199,52.9800,52.9850,52.9000,52.9700,309200
1452796499,53.0200,53.0600,52.9200,52.9800,292800
1452796799,52.9300,53.1000,52.9300,53.0200,315900
1452797099,52.9250,52.9900,52.9100,52.9300,276800
1452797341,52.8995,52.9600,52.8500,52.9300,464100
1452797699,53.0750,53.0800,52.8700,52.8950,351100
1452797999,53.0325,53.1000,53.0200,53.0701,280100
1452798299,53.0050,53.0800,52.9400,53.0400,529600
1452798598,53.0100,53.0600,52.9650,53.0000,333100
1452798899,52.9740,53.0300,52.9500,53.0099,642700
1452799198,52.8900,53.0200,52.8500,52.9750,473700
1452799497,52.9600,53.0000,52.8500,52.8800,381200
1452799799,53.0200,53.0300,52.9400,52.9500,280900
1452800040,53.0950,53.1000,53.0000,53.0100,287800
1452800340,53.0150,53.0999,53.0000,53.0990,277300
1452800640,53.0900,53.1900,53.0100,53.0200,375400
1452800998,53.1400,53.2000,53.0800,53.0900,317800
1452801299,53.3150,53.3250,53.1400,53.1400,379000
1452801599,53.2900,53.3600,53.2400,53.3200,473800
1452801898,53.3226,53.3400,53.2460,53.3000,377400
1452802199,53.3800,53.4163,53.3100,53.3232,421600
1452802499,53.3050,53.4100,53.2550,53.3850,368500
1452802797,53.2400,53.3550,53.2100,53.3100,397000
1452803043,53.1350,53.2400,53.1100,53.2400,810900
1452803340,53.1100,53.1500,53.0600,53.1399,542600
1452803699,53.1150,53.1800,53.0100,53.1100,780900
1452803999,53.0600,53.1350,53.0200,53.1100,834400
1452804299,53.0550,53.0900,52.9500,53.0600,598800
1452804540,53.0800,53.1700,53.0400,53.0550,744800
1452804899,53.0650,53.1700,52.9900,53.1000,1358200
1452805140,53.0400,53.0850,52.9800,53.0650,9599200
1452805200,53.1100,53.1100,53.1100,53.1100,0
1452868441,51.6800,51.8100,51.2500,51.2500,0
1452868799,51.2500,51.7100,51.1800,51.6800,1322100
1452869098,51.7600,51.7850,51.1600,51.2400,1195600
1452869340,51.8700,51.9700,51.7400,51.7500,1392000
1452869640,51.6100,51.8700,51.5400,51.8650,731800
1452869941,51.3200,51.6200,51.2500,51.6100,894800
1452870299,51.2400,51.3900,51.1600,51.3200,827600
1452870540,51.3701,51.4100,51.1790,51.2400,682500
1452870840,51.4200,51.5600,51.2400,51.3900,945600
1452871140,51.4100,51.5162,51.3635,51.4200,686400
1452871442,51.6050,51.7199,51.3800,51.4200,863400
1452871741,51.4800,51.6650,51.4800,51.6100,645800
1452872040,51.4000,51.7200,51.3900,51.4700,745900
1452872340,51.6700,51.6800,51.4000,51.4000,626200
1452872699,51.4350,51.7300,51.4100,51.6800,686400
1452872999,51.3550,51.4300,51.2700,51.4300,796700
1452873240,51.1800,51.3600,51.1500,51.3600,895800
1452873541,51.1960,51.2100,51.1100,51.1800,626300
1452873840,51.1200,51.2500,51.0700,51.2000,754800
1452874141,51.1365,51.2500,51.0900,51.0900,518900
1452874499,51.0600,51.1600,50.8700,51.1400,1031700
1452874799,50.9599,51.1700,50.9250,51.0600,542000
1452875099,51.0001,51.0450,50.9100,50.9500,623700
1452875399,51.1950,51.2000,50.9901,51.0000,580600
1452875699,51.1450,51.3200,51.1300,51.1950,413300
1452875940,51.0265,51.1500,51.0100,51.1400,366100
1452876299,51.0558,51.1100,50.9300,51.0200,745300
1452876599,51.0900,51.2300,51.0200,51.0500,397600
1452876840,50.9601,51.1000,50.9500,51.0900,379200
1452877199,51.0500,51.0900,50.9000,50.9800,535400
1452877443,50.9100,51.1100,50.8900,51.0500,485400
1452877799,50.8478,50.9550,50.7800,50.9100,638600
1452878041,50.7500,50.9000,50.7400,50.8400,572900
1452878340,50.6230,50.7700,50.6100,50.7500,752300
1452878640,50.6200,50.7000,50.5346,50.6200,766700
1452878940,50.6900,50.7350,50.5201,50.6143,458000
1452879242,50.5600,50.6800,50.4926,50.6800,665000
1452879599,50.4600,50.5850,50.3900,50.5600,2126200
1452879840,50.7900,50.8100,50.4200,50.4600,529000
1452880142,50.8200,50.8600,50.7399,50.7900,388500
1452880441,50.9400,50.9500,50.8100,50.8100,990200
1452880799,50.9100,51.0200,50.9000,50.9500,465300
1452881099,50.9150,50.9500,50.8400,50.9000,511400
1452881340,50.7515,50.9150,50.7200,50.9100,441800
1452881691,50.9310,51.0100,50.7500,50.7500,464200
1452881999,50.9090,50.9400,50.8300,50.9200,452800
1452882298,50.7501,50.9380,50.7200,50.9000,583300
1452882599,50.6150,50.7800,50.5900,50.7600,1869800
1452882899,50.4600,50.6200,50.3400,50.6200,1438600
1452883199,50.4000,50.5000,50.3500,50.4600,561200
1452883499,50.7500,50.8100,50.3800,50.4200,562900
1452883740,50.8100,50.9650,50.6800,50.7541,750900
1452884099,50.9500,51.0100,50.7200,50.8000,595200
1452884398,50.8946,50.9558,50.8000,50.9550,413200
1452884699,50.8700,50.9600,50.8400,50.9000,886100
1452884941,51.0200,51.0600,50.8200,50.8800,434600
1452885299,51.0000,51.0700,50.9700,51.0300,426200
1452885540,50.8800,51.0062,50.8700,51.0000,546300
1452885840,50.9200,50.9200,50.8000,50.8850,770100
1452886140,50.8400,51.0000,50.8100,50.9150,532700
1452886499,50.7950,50.9300,50.6900,50.8400,800200
1452886740,50.9100,50.9200,50.7600,50.7900,339300
1452887099,50.9799,51.0950,50.8800,50.9200,500100
1452887399,50.9900,51.0300,50.9000,50.9800,566600
1452887699,51.1001,51.1600,50.9100,50.9900,833400
1452887941,51.1700,51.2300,51.0550,51.1000,786700
1452888240,51.1399,51.2100,51.0100,51.1700,638500
1452888540,51.1108,51.2400,51.0800,51.1299,759000
1452888899,50.9600,51.1100,50.8900,51.1050,810700
1452889199,50.6550,50.9700,50.4800,50.9600,974100
1452889499,50.9300,51.8000,50.6000,50.6500,667000
1452889799,50.8900,50.9900,50.8500,50.9400,665100
1452890040,50.8900,50.9600,50.7100,50.9000,645700
1452890399,50.8050,50.9400,50.8050,50.8800,691900
1452890699,50.9600,50.9700,50.7040,50.8100,1062700
1452890940,51.0550,51.0600,50.9300,50.9600,974900
1452891298,51.0000,51.0700,50.9700,51.0400,1571200
1452891599,50.9700,51.0100,50.8800,50.9950,2935000
1452891600,50.9700,50.9900,50.9700,50.9900,205700
