1451918099,230.4100,231.3800,229.2750,229.6000,411800
1451918399,229.8200,231.3600,229.2000,230.2101,152600
1451918642,226.3500,229.9000,226.1700,229.9000,290900
1451918940,227.2000,227.2300,225.8401,226.6500,218200
1451919240,225.4200,227.2100,225.4200,227.1900,226200
1451919540,224.7100,226.7400,224.3300,225.4300,186100
1451919897,224.2300,224.7700,223.0500,224.7100,154700
1451920141,222.6700,224.3866,222.4000,224.3866,146600
1451920499,221.8800,223.0800,220.7458,222.8000,226800
1451920740,222.5400,223.1900,221.4600,221.7200,204000
1451921099,221.7520,223.0900,220.3800,222.6000,171400
1451921399,221.3700,222.2050,221.1700,221.7500,110300
1451921640,220.2300,221.6900,219.3900,221.2500,189100
1451921946,219.7900,220.1500,219.3000,220.0500,136100
1451922243,221.5400,221.9600,219.5100,219.7200,114500
1451922542,221.4700,221.6940,220.7400,221.6680,164900
1451922899,221.3600,221.6800,220.2500,221.3400,108900
1451923199,220.8220,221.4199,220.4200,221.3100,89500
1451923499,221.6900,221.7750,220.3900,220.6300,90000
1451923742,221.1686,221.7700,220.7700,221.6830,81100
1451924040,222.5900,222.7500,221.3000,221.3000,107600
1451924344,222.8000,223.3000,222.5500,222.7400,93900
1451924642,222.8900,223.1400,222.5200,222.9500,68900
1451924940,222.6000,223.0300,222.0401,222.9020,80200
1451925245,222.9000,223.0000,222.2900,222.4700,47300
1451925541,222.7000,222.9300,222.0800,222.8700,40700
1451925842,222.5000,222.8600,222.3600,222.7020,41900
1451926151,222.3993,222.6100,222.0500,222.5000,39700
1451926440,221.3700,222.5500,221.0800,222.4500,90700
1451926746,221.0100,221.7300,220.7300,221.2900,63400
1451927048,220.4990,221.2700,220.3301,221.1600,63800
1451927344,220.2100,220.6700,220.0600,220.4800,69000
1451927644,220.0920,220.7200,220.0700,220.2700,56000
1451927942,220.2100,220.4300,219.0000,220.0900,174000
1451928241,220.5083,220.9580,219.8695,220.0500,45800
1451928541,221.5500,221.7400,220.4800,220.4900,62000
1451928843,221.3400,221.5900,220.9640,221.4850,38600
1451929141,221.4900,221.5200,221.0700,221.1800,24100
1451929440,221.5020,221.9300,221.0100,221.4575,37100
1451929799,222.3300,222.4620,221.5600,221.5600,48200
1451930099,222.6500,222.9800,222.2700,222.3300,28700
1451930340,222.4200,222.8885,222.1000,222.7300,42500
1451930640,222.6900,222.7675,222.0900,222.4500,25200
1451930940,222.6300,222.8500,222.3700,222.6690,36300
1451931242,222.8300,223.2000,222.6100,222.7000,40100
1451931541,223.1000,223.4500,222.8400,222.8400,43000
1451931849,223.1830,223.3850,222.7500,222.9910,49900
1451932140,223.2108,223.3500,222.9500,223.1900,34800
1451932440,224.0000,224.1000,223.3600,223.3600,54500
1451932741,223.9800,224.1000,223.7350,224.0500,32000
1451933042,223.8650,224.0790,223.6300,224.0790,33000
1451933342,224.5900,224.8500,223.8300,223.8750,49000
1451933698,225.1700,225.4375,224.4139,224.4700,80400
1451933943,225.1220,225.3900,224.8600,225.1500,48800
1451934250,224.8140,225.1400,224.3600,225.0600,37100
1451934540,224.5900,224.8800,224.3400,224.7700,36200
1451934840,223.5064,224.6100,223.3500,224.5600,49200
1451935199,223.5400,223.8889,222.9600,223.6100,45200
1451935440,223.2400,223.6699,222.7600,223.4800,46000
1451935740,222.8300,223.4030,222.5900,223.0700,28600
1451936042,222.5617,222.7700,222.3900,222.6500,22600
1451936345,222.3700,222.6175,222.0268,222.4900,28000
1451936646,223.0900,223.1300,222.2000,222.2900,56900
1451936944,223.7000,223.8842,222.8700,223.1100,46000
1451937298,223.1170,223.8876,222.8600,223.6000,29700
1451937554,222.9750,223.4100,222.6600,223.0600,29800
1451937876,222.4275,223.1700,222.3300,222.8500,31400
1451938145,222.5140,223.0400,222.3000,222.3200,50200
1451938441,222.4500,222.7800,222.1900,222.5100,28300
1451938743,222.0800,222.4900,221.6600,222.4900,69200
1451939040,221.0400,222.0700,220.8300,222.0400,62100
1451939340,221.5160,221.7300,220.9700,221.0300,57400
1451939645,222.2600,222.6260,221.5370,221.5370,55400
1451939942,222.1608,222.3550,221.6960,222.2400,52400
1451940242,222.9975,223.1600,222.0900,222.1866,67600
1451940543,223.3950,223.6600,222.9150,223.0300,106300
1451940840,223.1299,223.4400,222.7300,223.3200,103600
1451941140,223.4100,223.6300,222.9000,223.1300,315700
1451941200,223.4100,223.4100,223.4100,223.4100,0
1452004441,226.3600,226.8900,225.0000,225.5400,0
1452004740,224.5500,226.6700,224.4053,226.2640,148700
1452005040,225.6700,225.6700,223.5000,224.6700,77700
1452005350,223.6100,226.2050,223.6100,225.5428,76400
1452005640,222.5000,224.0400,222.5000,223.8000,110800
1452005944,222.4500,222.7600,220.8500,222.7500,150100
1452006245,222.8400,223.3089,222.5300,222.5500,59500
1452006543,222.5000,223.5900,222.3800,222.8020,67400
1452006844,223.4450,223.5600,222.3800,222.5000,38500
1452007143,224.2300,224.6500,223.4800,223.6400,62500
1452007444,222.5481,224.3989,222.3700,224.1988,45100
1452007787,222.0682,222.6500,222.0682,222.4550,38100
1452008041,223.5500,224.0400,222.4000,222.6100,44100
1452008372,223.9700,223.9700,223.3401,223.5500,19000
1452008692,223.3650,224.2100,223.2100,224.0900,40900
1452008952,223.3400,223.4900,223.0500,223.2900,20000
1452009292,223.0660,223.3000,222.8800,223.3000,25800
1452009542,223.4100,223.4800,223.0000,223.1500,40000
1452009840,223.7200,224.2100,223.2400,223.4000,45000
1452010145,223.1800,224.0115,223.1700,223.8700,28300
1452010446,222.8300,223.2699,222.6500,223.1800,28300
1452010796,222.4400,222.9000,222.2300,222.7400,33300
1452011040,223.1250,223.2900,222.5600,222.5600,21600
1452011369,222.6700,223.4869,222.6700,223.0700,14600
1452011670,222.8400,222.8400,222.4300,222.6200,21900
1452011999,223.2600,223.3400,222.7300,222.9820,23600
1452012286,222.9156,223.3800,222.8670,223.3800,25700
1452012598,222.5800,222.8300,222.2500,222.6900,44400
1452012847,222.3300,222.8299,222.2000,222.5800,29600
1452013140,222.4700,222.5300,222.2100,222.3300,15000
1452013499,222.1400,222.4700,222.0200,222.3401,52800
1452013755,222.2600,222.3800,221.8200,222.1300,49800
1452014040,222.0100,222.5300,221.9100,222.3600,25800
1452014340,221.9000,222.0600,221.7000,222.0000,16600
1452014699,221.9000,221.9600,221.6500,221.8600,23200
1452014951,221.5400,221.9200,221.2700,221.9000,26600
1452015299,221.4500,221.9269,221.4200,221.4700,22700
1452015542,221.5200,221.7200,221.2900,221.4350,16100
1452015845,220.8200,221.7200,220.8200,221.5600,40300
1452016146,220.4900,221.0300,220.1600,220.7649,45400
1452016495,220.8000,220.9686,220.0000,220.3800,86300
1452016740,221.3900,221.6800,220.7800,220.8800,82500
1452017098,221.5999,221.7600,221.2815,221.5500,44000
1452017350,221.2700,221.6600,221.1300,221.6000,33100
1452017699,221.1984,221.6500,221.1500,221.1700,21200
1452017993,221.1800,221.3500,220.9600,221.2300,33500
1452018257,221.1600,221.2400,221.0200,221.1000,18300
1452018541,221.8700,221.8800,221.2100,221.2100,26800
1452018852,222.0900,222.1200,221.8300,221.9100,18300
1452019195,222.3400,222.4500,221.7600,222.0000,42000
1452019443,222.4900,222.6000,222.1915,222.2735,36200
1452019742,222.8800,222.8800,222.4050,222.4900,18900
1452020043,223.4450,223.7299,222.8600,222.9000,39600
1452020352,223.1300,223.4700,222.6700,223.4700,15800
1452020699,222.8500,223.1400,222.6900,223.1000,13100
1452020946,223.3067,223.3067,222.7500,222.8400,8300
1452021246,223.7300,223.8900,223.0801,223.1600,24500
1452021543,224.2900,224.2900,223.6700,223.7700,28200
1452021842,224.8400,224.9500,224.1401,224.3000,56800
1452022158,223.8900,224.9500,223.6200,224.8261,35400
1452022497,223.5950,223.9900,223.5600,223.9000,19400
1452022750,223.4300,223.7500,223.1760,223.5300,14500
1452023048,223.0400,223.5600,222.9900,223.3200,25300
1452023340,223.0100,223.2550,222.7700,223.1200,12800
1452023668,223.7700,224.6400,223.0320,223.0320,33200
1452023943,223.6100,224.0400,223.4300,223.7700,15300
1452024249,223.1800,223.7099,223.0800,223.6839,18400
1452024541,223.2600,223.5300,222.9100,223.1100,21900
1452024842,223.5000,223.5300,223.1100,223.2700,17800
1452025147,223.1730,223.6400,223.0500,223.5100,13600
1452025454,223.1200,223.5400,222.6800,222.9470,39900
1452025759,223.2900,223.5099,223.0100,223.0100,15900
1452026042,223.1900,223.5000,223.0700,223.3000,25800
1452026343,223.3900,223.4900,223.1300,223.3400,24800
1452026640,223.5200,223.8900,223.3700,223.4531,35100
1452026944,223.4600,223.6500,223.3100,223.6400,32500
1452027241,223.6100,223.7600,223.4800,223.5100,48300
1452027552,223.4200,223.7600,223.3660,223.7500,91300
1452027600,223.4300,223.4300,223.4300,223.4300,36200
1452090845,218.6000,219.6400,218.6000,219.1810,0
1452091140,217.9000,218.8499,217.6000,218.5900,141000
1452091497,217.2800,218.1700,216.2500,217.8700,302200
1452091740,218.0400,218.4115,216.5700,217.0300,121300
1452092041,218.0000,219.5600,217.5500,218.4100,64000
1452092397,218.0300,218.5250,217.6700,217.9552,55000
1452092640,217.0000,218.2900,216.4000,217.9200,124900
1452092940,216.8900,217.0000,215.9800,216.9000,99700
1452093244,217.0900,217.2500,216.2800,216.6600,46900
1452093542,216.8700,217.2100,216.4900,216.9900,49500
1452093840,218.2100,218.4900,216.9600,217.0100,90200
1452094198,218.9280,219.8800,218.1500,218.3200,78900
1452094493,218.2900,218.9700,218.0001,218.8600,47400
1452094743,218.1950,218.5400,217.9100,218.3000,43600
1452095045,218.0928,218.2800,217.8400,218.2300,29600
1452095397,218.1100,218.2200,217.6700,218.0600,59700
1452095645,217.9300,218.4400,217.8800,218.0800,47500
1452095945,218.0500,218.3100,217.8900,218.0200,37400
1452096298,219.1000,219.1000,218.0400,218.0400,41400
1452096548,218.9300,219.2200,218.6037,219.0950,30800
1452096847,218.2300,218.9500,218.2000,218.8191,21700
1452097143,218.4200,218.8099,217.8500,218.4899,123900
1452097493,219.0400,219.4000,218.5050,218.5500,43700
1452097750,218.8200,219.1700,218.6500,218.9100,111500
1452098043,218.3300,219.0100,218.1000,218.8400,31600
1452098340,218.2970,218.5100,218.0200,218.3800,31300
1452098642,217.9800,218.5100,217.8500,218.3300,38300
1452098956,218.2900,218.6000,218.0000,218.0300,28100
1452099255,218.0000,218.3073,217.9350,218.2803,19200
1452099563,217.2500,218.0900,217.1300,217.9550,40700
1452099849,217.2100,217.5100,217.0100,217.2300,49100
1452100140,217.3900,217.3900,217.0900,217.1500,34400
1452100450,217.4700,217.4700,217.1701,217.2900,17500
1452100751,217.3500,217.6200,217.1700,217.4100,35800
1452101057,216.9000,217.3500,216.9000,217.3500,37400
1452101341,216.9500,217.0799,216.7400,216.9600,32000
1452101652,217.0800,217.2330,216.7472,216.9000,44300
1452101942,217.1100,217.5100,216.9500,217.1600,27700
1452102242,217.1625,217.2700,216.8999,217.0600,27900
1452102541,216.8900,217.2700,216.8000,217.2000,14200
1452102894,216.7970,217.1999,216.7900,216.9200,16200
1452103144,216.9000,216.9700,216.7500,216.9100,14900
1452103496,216.8400,216.8400,216.6800,216.8000,24100
1452103740,216.5500,216.8600,216.4700,216.7900,39400
1452104097,216.5701,217.1691,216.4000,216.7100,37700
1452104340,216.6800,216.7600,216.4800,216.7599,17200
1452104648,216.8400,216.8400,216.4200,216.6000,29500
1452104940,217.0700,217.3540,216.7000,216.9300,26200
1452105253,217.2600,217.2600,216.7675,217.0600,38700
1452105546,216.9900,217.3900,216.9300,217.2683,0
1452105849,217.0000,217.2899,216.8600,216.9000,7400
1452106142,216.6100,216.8929,216.6100,216.8300,20800
1452106478,216.9700,217.2099,216.6530,216.6900,18000
1452106757,216.8600,216.9534,216.6200,216.9534,8100
1452107099,217.0900,217.2100,216.6000,216.8840,23700
1452107399,217.4200,217.4600,216.6900,217.0413,13900
1452107694,217.2500,217.4800,216.7900,217.4562,25000
1452107941,217.3200,217.7095,217.1300,217.1880,15100
1452108241,217.0610,217.5400,216.9000,217.5000,20200
1452108546,217.1400,217.3100,217.0100,217.1100,15200
1452108841,216.9000,217.1500,216.8500,217.0500,16900
1452109140,216.8032,217.0100,216.6411,216.9900,15400
1452109442,216.4200,216.8300,216.2500,216.7800,59100
1452109744,216.3750,216.6400,216.3400,216.4500,52400
1452110042,216.5500,216.8000,216.2800,216.3400,61200
1452110350,216.6500,216.7800,216.4700,216.5650,25600
1452110698,216.8500,216.8900,216.3500,216.5100,42700
1452110954,216.9200,216.9700,216.5100,216.6175,31300
1452111292,216.9020,217.2500,216.7000,216.8700,29100
1452111540,216.8500,216.9800,216.6000,216.9600,19000
1452111896,218.1316,218.1800,216.8900,216.9500,55100
1452112199,218.6600,218.7800,218.0100,218.0800,66900
1452112497,218.7800,218.9000,218.2600,218.4500,49200
1452112751,219.1800,219.3510,218.7150,218.7800,55800
1452113047,219.0600,219.3300,218.9500,219.1600,91300
1452113343,218.7000,219.0800,218.4201,219.0800,57300
1452113699,218.5900,218.7000,218.1100,218.6300,49200
1452113940,219.2320,219.3300,218.3850,218.6000,199600
1452114000,219.0400,219.0400,219.0400,219.0400,0
1452177296,216.6000,216.6000,213.7032,213.7032,0
1452177543,216.6580,218.4100,216.5100,216.9400,94800
1452177841,216.5350,217.6600,216.4500,216.6600,56200
1452178145,217.4100,217.5700,216.4800,216.6950,61400
1452178446,217.0500,217.9800,216.8100,217.4000,44100
1452178740,216.8200,217.3600,216.4300,217.1220,44300
1452179042,216.0200,217.1800,215.7000,216.7200,48500
1452179347,215.3000,215.9089,215.2000,215.8800,42000
1452179648,216.4300,216.4300,214.8600,215.2000,38200
1452179940,217.0600,217.1000,216.2800,216.4300,36900
1452180244,216.3600,217.2799,216.0800,217.0985,57300
1452180542,217.0600,217.3500,216.3400,216.3400,36900
1452180843,217.2100,217.4499,216.8200,217.1400,37000
1452181143,217.4300,217.7000,216.9500,217.1250,44100
1452181499,216.8000,217.5200,216.6600,217.5200,49900
1452181797,216.9900,217.1200,216.6200,216.7900,31800
1452182099,217.2400,217.3000,216.8000,216.8353,35000
1452182348,217.6590,217.9800,216.9500,217.0400,53000
1452182696,217.0569,217.6900,216.8000,217.4301,32500
1452182999,217.3600,217.6699,216.8300,217.0500,30000
1452183299,217.1700,217.8400,217.0200,217.3700,29600
1452183541,216.9800,217.3500,216.2800,217.1600,38100
1452183856,216.8400,217.2100,216.5800,216.9900,26600
1452184141,216.9200,217.1000,216.7125,216.8400,9500
1452184443,216.7650,217.1000,216.6250,216.9900,15500
1452184750,216.9900,217.2300,216.6300,216.9300,19400
1452185064,217.2300,217.3892,216.9900,217.0201,10300
1452185232,216.9900,217.3600,216.7550,217.3600,15600
1452185647,217.1100,217.2099,216.9000,217.2084,13800
1452185941,217.0400,217.4799,216.9900,217.1400,10500
1452186244,217.0600,217.1782,216.8600,217.0100,17600
1452186554,217.2400,217.3000,216.8600,217.1038,16400
1452186887,217.1600,217.3000,216.9600,217.2400,12100
1452187148,217.5100,217.8300,217.0500,217.1040,27800
1452187491,217.1300,217.5500,217.0000,217.5100,11400
1452187742,216.9800,217.2200,216.7800,217.1800,17900
1452188041,217.2200,217.3900,216.8600,216.9700,35800
1452188347,217.0300,217.3700,216.9000,217.2800,64400
1452188643,217.0800,217.1800,216.9100,216.9740,37000
1452188942,217.0300,217.2500,217.0000,217.0100,8800
1452189241,217.3800,217.3900,216.9600,217.1100,19000
1452189553,217.1200,217.3299,216.9700,217.3299,23600
1452189855,216.9500,217.3100,216.9500,217.2200,53900
1452190144,216.9660,217.2300,216.8200,217.0200,27900
1452190442,216.8050,216.8900,216.2901,216.8500,78400
1452190740,216.8500,217.0000,216.3701,216.7252,45700
1452191047,216.1900,216.8900,216.0700,216.6800,44400
1452191340,215.9450,216.6000,215.8500,216.2500,43800
1452191651,215.6000,216.1100,215.3100,215.8000,37300
1452191940,214.5300,215.9960,214.3400,215.9200,56900
1452192241,214.8000,214.9216,213.8280,214.4800,57200
1452192546,214.8100,215.1400,214.6000,214.8100,45500
1452192895,215.7900,216.0500,214.7500,214.7900,48000
1452193145,214.9000,215.9200,214.8600,215.4800,58000
1452193492,214.7330,215.1300,214.6800,214.8900,38800
1452193743,214.6000,214.9000,214.3000,214.8940,38300
1452194046,214.8000,215.1200,214.5800,214.7358,26600
1452194342,215.0000,215.0600,214.6000,214.6300,24800
1452194642,214.9400,215.3300,214.7400,214.9900,38600
1452194946,214.8500,215.1100,214.7000,214.9000,31900
1452195299,215.0300,215.1700,214.7100,214.7100,40800
1452195541,215.3000,215.3200,214.8500,215.0850,38100
1452195840,215.8400,216.0700,215.0400,215.2600,28400
1452196140,216.4800,216.4800,215.5200,215.7700,30000
1452196444,215.7300,216.4800,215.6400,216.3167,23200
1452196760,214.9090,215.8600,214.9000,215.6500,29100
1452197041,214.7500,215.2045,214.5100,215.0500,49200
1452197345,215.1400,215.2100,214.6200,214.8273,44300
1452197695,215.2800,215.5000,214.9300,215.1400,54600
1452197949,215.7500,215.9745,215.2200,215.2200,72300
1452198299,215.2200,215.7700,215.1600,215.7700,53700
1452198599,215.0200,215.3298,214.8200,215.2200,54700
1452198899,215.9921,216.1800,215.0200,215.0600,72800
1452199140,215.8400,216.1600,215.7900,216.0700,53800
1452199497,215.2500,215.9600,215.1900,215.7600,56200
1452199741,215.7700,216.1800,215.2600,215.2600,63500
1452200045,215.7800,215.9900,215.2300,215.5100,150500
1452200347,215.8100,216.1000,215.6000,215.7600,292400
1452200400,215.6500,215.6500,215.6500,215.6500,0
1452263645,219.9400,219.9800,218.4100,218.5000,0
1452263949,218.5800,219.8700,218.3370,219.8250,73400
1452264255,216.2300,218.8599,216.2300,218.8170,58400
1452264551,219.2700,219.8000,216.7900,217.0100,59400
1452264847,218.6300,219.4000,218.1200,219.1960,40400
1452265140,219.7800,220.4300,218.8000,218.8000,114000
1452265498,218.7150,220.0200,218.5700,219.5773,43800
1452265741,218.5900,218.9500,218.2000,218.8800,30400
1452266099,218.0578,218.8800,217.2001,218.5240,52800
1452266349,217.9500,218.2499,217.2900,218.1400,24000
1452266681,218.4050,218.6500,217.9400,217.9900,30800
1452266998,219.0200,219.4200,218.4144,218.4144,39200
1452267244,218.8900,219.6200,218.5400,219.1200,63000
1452267590,218.6600,219.0400,218.4477,219.0000,17400
1452267898,218.5500,218.8800,218.3950,218.6400,20200
1452268143,218.9200,219.0000,218.3800,218.3850,25900
1452268454,218.4899,218.8600,218.2500,218.8600,13700
1452268744,218.2300,218.7500,217.7200,218.1014,20300
1452269069,217.9900,218.7900,217.8000,218.0200,38900
1452269341,218.1100,218.4399,217.9400,218.0700,24600
1452269641,216.9500,218.3200,216.9500,218.2400,35700
1452269957,216.7850,217.1200,216.6101,216.9500,24900
1452270245,216.3500,216.9005,216.1200,216.6900,27200
1452270597,215.5200,216.4800,215.5000,216.4800,31200
1452270841,215.0000,215.5200,214.7620,215.5200,49700
1452271144,215.0100,215.1400,214.6600,214.8600,34000
1452271444,215.3360,215.3659,214.4210,214.8100,27100
1452271746,215.3105,215.4800,214.9650,215.2628,15700
1452272040,215.5600,215.7700,215.0300,215.1700,18200
1452272345,216.2400,216.3000,215.4700,215.6550,41100
1452272648,215.5000,216.3850,215.3000,216.1724,40600
1452272959,215.9400,215.9700,215.1300,215.6800,20300
1452273242,215.6075,215.8831,215.5000,215.8831,17700
1452273548,216.1300,216.4100,215.5800,215.6500,17000
1452273845,215.9400,216.2552,215.9000,216.2552,26400
1452274148,215.7299,215.7845,215.0600,215.7845,23400
1452274453,214.8600,215.7297,214.7500,215.6400,41200
1452274795,214.0550,215.0540,214.0072,214.8800,61000
1452275042,213.8500,214.4500,213.6100,214.0600,100800
1452275345,213.9300,214.0999,213.6300,213.8000,27200
1452275682,213.0500,213.7600,212.8100,213.7600,43200
1452275942,213.3300,213.4000,213.0000,213.1000,19000
1452276247,213.6300,213.7900,213.1400,213.2600,24500
1452276551,212.6500,213.6200,212.5400,213.4200,58100
1452276841,212.6217,212.8200,212.1200,212.6000,31300
1452277141,213.0000,213.1800,212.4000,212.5300,15500
1452277450,212.7900,213.2700,212.7000,213.0300,35400
1452277748,213.0000,213.0000,212.5800,212.6100,10000
1452278045,213.3800,213.4300,212.8900,212.9100,31200
1452278341,213.6500,213.6500,213.0400,213.3600,39400
1452278640,213.6100,213.9000,213.2000,213.7400,48500
1452278958,213.2500,213.7600,213.0000,213.5800,36400
1452279298,213.7100,213.7900,213.1900,213.3700,47900
1452279591,213.8200,213.9000,213.5700,213.7450,8500
1452279892,213.9300,214.2000,213.6600,213.6600,33900
1452280142,213.8800,214.1000,213.7800,214.0589,22200
1452280498,212.5700,213.9100,212.5700,213.8500,22200
1452280750,212.8000,212.9400,212.4568,212.6800,27100
1452281097,212.4400,213.0900,212.1000,212.9200,41600
1452281342,212.0600,212.5400,212.0000,212.4700,62000
1452281644,212.6800,212.9900,212.1000,212.1000,27600
1452281944,212.3799,212.9140,212.0300,212.9140,18900
1452282299,213.0200,213.0300,212.3527,212.4800,34400
1452282560,213.1454,213.2500,212.8700,213.0200,22500
1452282840,212.6100,213.2300,212.3600,213.1100,159900
1452283145,212.8892,213.0500,212.3901,212.4900,34200
1452283449,213.7200,213.7200,212.6600,213.0000,47400
1452283747,213.4954,213.8350,213.0600,213.7200,51400
1452284041,213.3800,213.5100,213.0200,213.4200,14700
1452284340,212.7000,213.5700,212.7000,213.2140,35300
1452284693,212.3300,212.7700,212.1300,212.6750,46200
1452284940,211.8700,212.4400,211.8600,212.3903,43200
1452285299,211.7000,211.9224,211.5000,211.8500,69500
1452285545,212.0300,212.2800,211.5200,211.7300,51400
1452285842,211.9000,212.1900,211.5700,212.1244,71000
1452286198,211.7100,211.9750,211.4000,211.9000,82000
1452286449,210.9900,212.0200,210.9900,211.8000,156100
1452286744,210.9999,211.1750,210.7700,211.0000,319800
1452286800,211.0000,211.0000,211.0000,211.0000,0
1452522840,212.7000,214.3185,212.6800,214.3185,0
1452523149,212.2450,213.0099,211.0100,213.0099,60300
1452523446,211.4500,212.4000,211.1500,212.2500,42600
1452523746,209.7500,211.3600,209.5900,211.3000,170100
1452524040,209.7000,210.0899,209.1100,209.6101,78900
1452524343,208.5575,209.5700,207.6900,209.5050,139400
1452524648,208.1700,208.7860,207.6703,208.6700,94900
1452524943,207.3945,208.2400,207.1510,208.0850,110400
1452525241,207.0800,207.7100,206.9200,207.4299,78600
1452525540,206.0000,207.0000,205.8700,207.0000,102300
1452525898,206.6600,206.8000,205.5000,206.1624,104200
1452526196,206.9000,207.2700,206.3200,206.7500,71700
1452526453,207.0999,207.1700,206.1300,206.9700,57600
1452526794,207.8500,208.4400,206.8500,207.0300,59300
1452527041,207.7300,208.2900,207.3401,207.8875,42900
1452527342,206.6032,207.7674,206.2800,207.7674,59500
1452527642,206.3200,206.7726,206.1000,206.5300,53600
1452527998,205.8890,206.3700,205.8000,206.3300,47800
1452528299,205.6800,206.0000,205.3100,205.8200,40900
1452528541,205.5299,206.0200,205.3200,205.6500,46400
1452528846,205.8300,205.9892,205.5500,205.5500,28700
1452529145,206.9900,207.1759,205.8300,205.8800,73500
1452529498,206.3678,207.0799,206.1300,207.0000,47000
1452529754,206.9000,206.9000,205.9000,206.3100,29800
1452530041,206.6320,206.9400,206.4260,206.8550,16300
1452530340,207.7236,207.9300,206.5200,206.5800,60600
1452530652,207.7301,208.4000,207.6000,207.7477,39300
1452530941,208.3100,208.3500,207.7700,207.9800,24300
1452531243,208.8600,209.1800,208.0300,208.0300,36700
1452531565,208.7300,209.0871,208.5434,208.7900,25800
1452531865,208.3400,208.6900,208.1400,208.6900,22000
1452532141,208.0750,208.5900,208.0150,208.5175,13900
1452532444,208.0028,208.3696,208.0000,208.0478,14500
1452532740,207.9300,208.2950,207.7800,208.0450,22700
1452533097,207.1800,208.0000,207.1300,207.8900,23000
1452533347,207.5400,207.7721,206.8700,207.1100,20800
1452533645,207.0599,207.5700,206.8700,207.2600,34100
1452533961,206.2100,207.0799,206.0900,206.9000,22300
1452534246,206.3001,206.6250,206.0100,206.0600,16400
1452534545,206.4800,207.0361,206.2800,206.5280,19500
1452534849,205.7700,206.8100,205.7100,206.4700,28000
1452535198,206.0100,206.1400,205.3100,205.6600,38000
1452535387,206.1901,206.5699,205.8200,206.0100,34700
1452535743,205.5100,206.4200,205.5100,206.3840,18900
1452536040,205.3600,205.8715,205.0000,205.7000,73400
1452536340,205.8100,205.9899,205.3400,205.3400,52200
1452536648,205.6000,205.8400,205.4300,205.8400,23800
1452536999,204.7500,205.6000,204.7100,205.5520,46600
1452537242,204.5600,205.0400,204.4500,204.8000,57900
1452537541,204.3200,204.5600,203.7000,204.4400,54300
1452537841,203.6700,204.3500,203.6700,204.3300,30700
1452538140,203.1300,203.8300,203.1300,203.6680,42500
1452538440,203.7964,203.9200,203.0000,203.1088,57600
1452538798,203.9500,204.2500,203.7300,203.7806,49300
1452539045,204.3240,204.4500,203.8400,204.0200,38600
1452539340,205.4200,205.4450,204.3238,204.5000,36200
1452539646,205.2440,205.4600,205.0000,205.2900,29800
1452539943,206.4000,206.4100,205.0800,205.0800,40100
1452540249,205.9100,206.4000,205.5000,206.4000,25800
1452540542,205.7800,206.2400,205.5700,205.9600,45400
1452540842,205.1900,206.0800,205.1500,205.8400,36300
1452541140,205.2100,205.3200,204.8290,205.2800,34000
1452541454,205.7320,205.9199,205.0780,205.1680,21200
1452541741,205.3200,205.9900,205.1701,205.7900,37400
1452542099,204.6254,205.2900,204.5000,205.2400,16300
1452542348,204.7100,204.7900,204.2000,204.5475,32500
1452542646,204.6500,204.8899,204.4400,204.7019,24000
1452542999,204.5900,204.9700,204.1550,204.5900,49500
1452543241,204.0800,204.4201,203.7900,204.4201,45600
1452543540,204.3400,204.3800,203.5500,204.0300,45200
1452543840,205.0600,205.1100,204.3161,204.3600,78900
1452544140,206.0700,206.2900,205.0200,205.0430,46300
1452544450,206.9900,207.0100,206.0500,206.1120,70000
1452544795,207.5400,207.6000,206.7400,207.1110,57600
1452545043,208.8700,208.9700,207.2600,207.4201,91500
1452545399,208.4600,208.8700,208.0500,208.6500,106800
1452545640,208.5000,209.0000,208.3850,208.4600,103300
1452545946,207.6700,208.7200,207.6500,208.5000,185600
1452546000,207.8500,207.8500,207.8500,207.8500,0
1452609246,210.7200,211.4900,210.2794,211.2200,0
1452609541,211.3700,212.2300,210.5500,210.7000,93300
1452609842,212.9500,212.9500,211.3100,211.3100,62000
1452610143,213.1000,213.4500,212.4100,213.2500,88100
1452610440,212.0900,213.7395,212.0900,213.1500,77700
1452610741,211.8000,213.7000,211.6300,212.1984,70600
1452611098,210.3900,213.0300,210.3600,211.9572,71600
1452611399,211.0500,211.4700,210.2500,210.3700,34000
1452611641,210.9000,212.1400,210.6400,211.0500,52000
1452611949,210.2800,211.0850,209.7800,210.7200,47700
1452612240,209.9000,210.2700,209.6700,210.2000,79100
1452612549,210.7000,210.9000,209.8000,209.8900,37800
1452612840,211.5450,211.7400,210.3500,210.5100,36500
1452613141,211.1800,211.9600,211.1740,211.4000,31500
1452613499,211.0188,211.6700,210.5200,211.1900,45200
1452613740,209.6100,210.9044,209.5000,210.9044,38200
1452614040,209.8700,210.0900,209.5400,209.7200,33100
1452614350,210.5100,210.7000,209.8500,209.9400,46100
1452614692,210.7300,210.9100,210.1300,210.4082,19200
1452614950,210.5299,210.9600,210.1800,210.6900,37200
1452615255,209.7601,210.4860,209.6100,210.3214,17800
1452615543,209.6500,210.0799,209.4500,209.7300,14700
1452615851,209.1300,209.7600,209.0000,209.7600,18600
1452616141,209.1900,209.3800,208.8701,209.1426,38900
1452616498,208.3900,209.1373,207.9900,209.0950,58700
1452616741,207.9099,208.4860,207.7500,208.3900,38000
1452617062,208.3936,208.4990,207.7400,207.8900,24000
1452617341,208.8000,208.8000,207.9638,208.3500,46100
1452617697,208.9900,209.3600,208.8000,208.8300,14900
1452617999,209.3400,209.4600,208.7600,208.9300,26400
1452618298,209.7000,209.7900,208.9700,209.2400,16700
1452618545,209.3800,209.9100,209.2000,209.8200,18200
1452618842,208.8780,209.5000,208.5500,209.3850,23600
1452619199,208.3500,208.9600,208.1400,208.8800,20700
1452619457,208.3480,208.4800,208.0100,208.3900,21200
1452619741,208.6100,209.1000,208.2700,208.3100,19800
1452620049,208.3800,208.8030,208.2200,208.6000,7500
1452620342,207.8250,208.2400,207.5400,208.2200,35500
1452620640,206.6301,207.9700,206.3600,207.8200,69800
1452620941,207.7000,207.9800,206.5800,206.7699,26000
1452621250,208.2725,208.4590,207.7100,207.7400,27300
1452621549,207.8894,208.4700,207.8200,208.1800,11000
1452621846,208.3500,208.6930,207.5901,207.9700,31000
1452622148,208.4500,208.6700,207.8601,208.1000,10000
1452622442,209.4800,209.4900,208.1401,208.3300,21600
1452622743,208.7900,209.3200,208.3801,209.3200,29600
1452623043,207.5900,209.0499,207.5900,209.0499,33800
1452623342,207.0000,207.5112,206.8100,207.5100,36500
1452623664,207.0130,207.2350,206.7300,206.9440,38400
1452623945,207.2101,207.4400,206.7400,206.8600,45700
1452624295,207.1300,207.4200,206.6500,207.4000,20400
1452624541,206.7000,207.2810,206.5500,207.0000,42500
1452624898,206.7700,207.3899,206.5710,206.7600,17800
1452625143,206.1300,206.8600,205.8500,206.7900,30500
1452625440,205.8000,206.3700,205.5500,206.1162,46400
1452625744,205.5400,205.9200,205.4500,205.8100,41700
1452626041,205.7722,206.5000,205.5500,205.5500,34900
1452626398,205.3300,206.0200,205.3100,205.9200,17300
1452626649,206.0600,206.0800,205.3100,205.3300,19500
1452626944,206.3300,206.7500,205.7782,206.1700,31200
1452627253,206.9139,207.3200,206.3095,206.3095,19100
1452627599,207.1200,207.3000,206.7000,206.8400,36800
1452627844,207.0700,207.3520,206.7900,207.0800,38600
1452628140,207.1500,207.3000,206.7400,207.0900,26600
1452628448,207.7300,207.7300,206.8200,207.0900,24300
1452628747,207.9600,208.0000,207.3800,207.6608,26500
1452629041,207.2600,208.1300,207.0800,207.9800,29500
1452629399,207.0200,207.7600,206.7400,207.3300,20000
1452629641,207.5900,208.0000,207.0000,207.0200,23400
1452629997,208.5830,208.7900,207.2700,207.7700,35300
1452630240,208.8000,209.3300,208.7000,208.7900,54800
1452630540,209.2400,209.8900,208.8200,208.8200,43500
1452630845,209.4000,209.5700,208.8500,208.8630,26800
1452631146,209.1120,210.0000,209.0000,209.4470,67600
1452631447,209.7200,209.9200,209.0700,209.1300,37900
1452631752,209.7800,210.1700,209.5070,209.7400,34500
1452632040,210.1100,210.1650,209.4101,210.0200,81500
1452632346,210.1550,210.2900,209.5525,210.1200,210300
1452632400,209.9700,209.9700,209.9700,209.9700,0
1452695640,211.0200,212.0000,211.0200,211.7001,0
1452695941,211.8000,211.8000,210.5000,211.0350,30500
1452696242,211.9700,212.6500,211.6800,211.6800,34800
1452696592,210.5100,211.9760,210.0600,211.9760,51900
1452696841,208.5000,210.5500,208.3300,210.5500,61800
1452697143,209.1100,210.0000,208.5100,208.5200,31100
1452697448,209.0725,209.6000,208.0000,209.6000,57800
1452697741,209.9022,210.0000,208.4900,208.7600,49000
1452698041,208.7200,210.1600,208.6700,210.0200,69000
1452698399,208.2599,208.7700,208.1123,208.7700,34600
1452698643,208.3200,208.4400,207.3700,208.1300,42000
1452698973,208.8500,209.1800,208.3300,208.4300,25500
1452699293,207.7300,208.7200,206.8700,208.7200,44500
1452699551,207.8900,208.5000,207.5400,207.6300,32500
1452699852,207.8300,208.3215,207.1600,207.5100,30500
1452700193,207.8200,208.2600,207.2900,207.9000,20700
1452700470,207.7400,208.3900,207.2900,207.8200,20700
1452700740,208.0500,208.5600,207.6900,207.8000,29700
1452701049,208.0263,208.4100,207.7000,208.1200,23700
1452701348,207.2100,208.0999,207.1000,207.9500,16300
1452701643,207.6700,207.9900,207.0900,207.1800,25200
1452701948,208.2600,208.2600,207.6101,207.7500,25600
1452702255,207.8900,208.5880,207.8075,208.2900,20900
1452702540,207.4600,207.8900,207.3800,207.8900,25000
1452702852,207.7700,208.0493,207.1300,207.4500,35900
1452703195,207.7100,208.0600,207.5600,207.7600,15600
1452703444,207.0900,207.7100,207.0100,207.7100,10900
1452703745,206.0600,207.1900,206.0600,207.0100,32800
1452704099,205.5700,206.4250,205.5700,206.0110,42400
1452704340,205.2100,205.8090,205.0000,205.8090,45100
1452704699,205.2776,205.5964,205.0400,205.3600,45500
1452704942,205.1000,205.4600,204.9000,205.2938,31400
1452705242,204.7100,205.1599,204.6300,205.1200,34700
1452705546,204.3850,204.9425,204.2000,204.7100,37200
1452705842,204.3000,204.5500,204.2800,204.3500,39400
1452706144,204.7000,204.7200,204.1300,204.2601,42100
1452706442,204.4300,204.8400,204.3100,204.6850,41200
1452706790,204.7650,204.8248,204.4700,204.4700,16200
1452707071,204.6900,204.8500,204.5000,204.7600,24300
1452707363,204.5200,204.9400,204.4417,204.6000,23000
1452707641,204.1525,204.8000,204.1100,204.5500,28100
1452707944,204.0300,204.5258,204.0000,204.1700,23900
1452708243,204.2250,204.5500,204.0000,204.1500,19100
1452708544,204.4200,204.5350,203.7500,204.2800,54200
1452708852,203.9842,204.5290,203.9842,204.5100,13300
1452709148,204.0000,204.1899,203.9300,204.1899,8400
1452709447,204.3700,204.6200,204.0100,204.1400,38700
1452709752,203.6000,204.4900,203.2900,204.3800,36100
1452710045,203.7300,204.1000,203.4700,203.5300,28700
1452710395,202.6801,204.0300,202.6000,203.8800,56200
1452710640,202.1100,202.9450,202.1000,202.6800,34400
1452710999,201.9900,202.4400,201.5000,202.1700,75500
1452711254,202.3450,202.5000,201.8800,201.9900,58400
1452711550,201.7750,202.8900,201.7700,202.4699,218900
1452711842,202.4100,203.1000,201.5901,201.5901,44500
1452712140,202.3200,202.8800,202.1903,202.3900,26800
1452712440,202.5900,203.1300,202.0800,202.4200,28500
1452712742,202.3000,202.6747,201.8301,202.5900,27100
1452713040,201.5700,202.3000,201.4401,202.2900,42400
1452713340,202.3550,202.4000,201.4000,201.6500,61100
1452713698,200.9200,202.2500,200.8900,202.2500,58200
1452713997,201.0950,201.2400,200.0000,200.8650,75600
1452714244,200.7200,201.1450,200.4601,201.1450,62300
1452714597,201.3600,201.3600,200.5500,200.7900,79500
1452714898,202.3840,202.3840,201.2100,201.2100,59800
1452715198,201.7400,202.9100,201.7100,202.2500,58500
1452715498,202.6700,202.6700,201.9100,201.9100,215400
1452715741,202.0000,202.6700,201.7460,202.5650,51300
1452716040,201.1000,202.4000,201.1000,201.9400,38300
1452716342,201.9900,202.6000,200.8900,200.9400,68600
1452716641,201.9100,202.2800,201.3700,201.8700,70900
1452716943,201.8800,202.7000,201.7400,201.8700,122800
1452717244,201.4600,202.2900,201.1600,201.8800,117700
1452717599,201.2300,201.5700,200.4000,201.4800,113900
1452717897,200.9400,201.6200,200.7700,201.1704,56800
1452718143,200.1200,201.4000,200.0000,200.9499,118800
1452718441,201.1300,201.2999,200.0100,200.1500,117800
1452718753,200.3900,201.3000,200.2800,201.2700,314400
1452718800,200.3100,200.3100,200.3100,200.3100,0
1452782047,201.3900,202.9900,201.0000,202.4400,0
1452782343,196.2600,201.2600,196.2600,201.2400,303900
1452782641,198.5900,199.3600,196.2501,196.2501,126800
1452782999,196.3750,198.7700,196.0000,198.3450,155500
1452783241,195.1600,196.5100,194.4200,196.3000,271700
1452783543,194.6800,195.3200,193.3800,195.2300,215000
1452783896,194.3590,195.2000,194.0100,194.5200,140000
1452784140,196.0924,196.8200,193.8800,194.3472,226600
1452784440,197.2800,197.4600,195.5200,196.1500,126600
1452784797,198.8500,199.1900,197.0250,197.5000,175100
1452785041,198.0100,199.1400,197.0000,198.8940,92700
1452785340,199.4300,199.4300,197.2100,197.9900,80800
1452785699,201.9300,202.1600,199.2400,199.4200,226000
1452785941,204.0001,204.6400,201.9201,201.9201,195100
1452786240,202.8002,204.1800,201.5300,204.0720,132900
1452786599,203.3300,203.4100,201.7500,202.8000,96800
1452786896,202.2500,203.8700,202.1850,203.4600,76500
1452787199,201.5612,202.5000,201.0000,202.3700,97000
1452787441,201.1700,202.0000,200.9300,201.5600,82000
1452787741,200.1100,201.7700,200.1100,201.1100,39100
1452788095,200.2899,200.7100,199.9900,200.4500,57800
1452788340,200.3300,200.9200,199.7600,200.1072,99600
1452788699,201.3300,202.5000,200.1201,200.1500,77100
1452788944,200.5200,201.9300,200.4317,201.3300,76700
1452789299,200.0468,201.1190,200.0000,200.4928,87000
1452789597,201.0400,201.4000,200.0300,200.1300,69700
1452789840,200.8000,201.1899,200.3001,201.0800,44700
1452790142,200.9400,201.1900,200.6900,200.8500,42100
1452790443,201.2050,201.2700,200.6100,201.0100,51900
1452790798,201.3100,201.6000,200.9550,201.2600,35300
1452791042,202.2500,202.5900,201.3675,201.3675,31800
1452791348,202.5200,203.4200,202.1600,202.3300,48400
1452791642,202.0700,202.4900,201.4700,202.4900,36100
1452791998,202.6200,203.1000,202.1400,202.1400,25300
1452792244,203.2800,203.2800,202.3600,202.7400,23000
1452792599,203.1100,203.3100,202.3300,203.3100,52300
1452792849,202.9600,203.3300,202.7800,203.1400,25400
1452793143,203.7100,203.7100,202.8400,203.0301,25800
1452793440,203.8900,204.2000,203.0300,203.7300,59100
1452793749,204.0800,204.3500,203.4200,203.8800,35700
1452794098,204.2601,204.5000,203.6750,204.0100,32800
1452794390,204.1520,205.2300,203.7400,204.4100,62700
1452794653,205.0000,205.0000,203.5000,204.0200,22200
1452794999,206.3300,206.3300,204.7400,205.0000,87700
1452795240,206.6700,206.8700,206.0000,206.2620,114100
1452795542,206.8201,207.7500,206.3200,206.6000,92200
1452795840,206.5300,207.1700,205.8400,206.8200,51200
1452796148,206.8000,206.9500,206.4000,206.4000,22400
1452796460,207.2514,207.3346,206.7801,206.9500,31900
1452796740,205.9400,207.3390,205.8400,207.2800,23100
1452797098,205.6200,206.0621,205.2600,205.9800,21000
1452797398,205.7500,205.9100,204.9198,205.7300,39600
1452797647,205.7400,206.0800,205.4600,205.6100,43800
1452797945,205.5700,206.5900,205.5300,205.7800,29200
1452798242,205.8500,206.2600,205.2200,205.6350,53400
1452798594,205.3000,206.3150,205.2700,205.8600,44000
1452798898,206.1345,206.2300,204.9200,205.4000,35800
1452799198,205.6700,206.6550,205.6200,206.1400,30400
1452799440,206.3600,206.5900,205.3618,205.6600,42500
1452799799,206.9350,206.9600,206.2601,206.2601,32000
1452800097,207.1600,207.3500,206.4200,206.8700,27700
1452800352,207.2500,207.4100,207.0257,207.1900,42300
1452800699,207.5400,208.0800,207.3300,207.3300,75600
1452800951,207.6100,207.8500,207.3750,207.5300,19200
1452801297,208.4600,208.7900,207.6500,207.7300,51900
1452801540,209.7900,210.0000,208.1710,208.4500,82200
1452801840,208.1100,209.8800,208.0500,209.8800,53400
1452802199,208.2604,208.3800,207.9000,208.0100,39900
1452802498,208.7300,208.8900,208.2201,208.2450,42400
1452802798,207.9400,208.9400,207.9400,208.7900,37700
1452803099,206.9000,207.9000,206.5500,207.9000,46300
1452803345,206.5100,207.0100,206.5100,206.9100,53700
1452803699,205.3800,206.6499,205.1000,206.5400,85500
1452803998,205.2300,206.2200,204.6000,205.3900,106800
1452804241,205.4150,205.4400,204.7900,205.2299,81800
1452804599,205.4300,206.3000,205.3800,205.5300,90200
1452804899,206.1400,206.2500,205.5000,205.5000,122600
1452805141,206.5400,206.7000,206.1600,206.4000,469400
1452805200,206.1800,206.1800,206.1800,206.1800,0
1452868442,200.5800,200.5800,199.2700,200.3200,0
1452868740,201.1150,202.4099,199.5900,200.3501,109000
1452869099,200.6640,201.5399,198.7700,200.4900,117300
1452869399,200.6200,201.4799,199.8600,200.5500,133600
1452869641,200.2400,200.9500,199.7500,200.5500,59400
1452869940,199.6100,200.3800,199.5000,200.3700,129800
1452870242,200.2000,201.0000,199.5200,199.6600,197200
1452870542,200.9446,201.7800,199.9600,200.0500,94800
1452870842,200.0000,201.4500,199.2600,200.9700,76300
1452871145,200.6408,200.7500,199.6600,200.0000,48500
1452871489,201.0500,201.7800,200.3000,200.5400,59300
1452871742,200.1900,201.2400,199.8600,201.1100,112800
1452872041,199.6700,200.8011,199.6150,200.3500,77100
1452872348,199.2300,200.1592,199.0200,199.7900,64500
1452872641,198.1000,199.4600,198.0600,199.2300,77800
1452872999,198.9200,199.0000,197.3500,198.0500,96100
1452873296,198.2000,199.4699,197.9700,198.9800,61500
1452873540,199.1400,199.1400,198.0800,198.2000,54500
1452873859,199.4300,199.7300,198.8150,199.1000,59100
1452874143,198.7700,199.5900,198.7700,199.5900,49900
1452874444,199.2000,199.2000,198.3500,198.9800,38600
1452874797,199.3199,200.0000,198.8400,199.1600,79900
1452875041,199.2500,199.3200,198.7703,199.2100,64200
1452875340,200.7600,200.9600,199.2600,199.2600,115300
1452875641,200.8300,200.9800,200.1600,200.7200,45700
1452875940,200.9500,201.2600,200.5500,200.7300,39300
1452876243,201.0300,201.1500,200.7400,200.9000,38400
1452876541,201.5140,202.8800,200.8900,200.8900,106700
1452876840,201.6800,201.8500,200.8900,201.4574,35700
1452877198,200.7500,201.6300,200.7500,201.4900,36800
1452877448,200.2500,200.9802,200.1000,200.7500,28900
1452877742,200.6800,200.8700,200.0000,200.2999,135700
1452878042,200.2967,200.9050,200.0000,200.7100,18000
1452878340,199.9100,200.5000,199.9000,200.2300,42800
1452878697,199.7900,200.6000,199.6100,199.9600,58300
1452878941,200.2500,200.5589,199.4300,199.9066,51400
1452879240,199.7400,200.2400,199.0050,200.2319,59000
1452879544,199.4700,200.0240,199.2000,199.5300,32300
1452879845,200.2300,200.6000,199.3200,199.4130,32900
1452880142,200.2400,200.8200,200.0000,200.2000,34500
1452880445,200.5100,200.6200,200.0900,200.3160,16700
1452880744,201.7100,201.7100,200.5500,200.5700,44500
1452881045,201.3800,202.0000,200.9800,201.8200,31300
1452881361,200.1240,201.3800,200.0801,201.3800,27300
1452881680,201.0076,201.4900,200.0000,200.2000,34000
1452881942,201.4000,201.5900,200.5400,201.1390,19800
1452882240,201.0200,201.8356,200.8700,201.4000,39300
1452882587,200.8200,201.6180,200.1000,201.1000,24700
1452882844,200.5000,200.7300,200.1100,200.6200,32900
1452883177,200.6600,200.8200,200.1100,200.4500,25300
1452883443,201.1100,201.2700,200.3500,200.4755,25700
1452883740,201.1000,201.8400,200.8701,201.0200,27200
1452884046,201.5500,202.3300,201.1400,201.3100,32100
1452884386,201.7700,202.3000,201.2800,201.5100,46200
1452884665,201.6540,202.0100,201.5500,201.7500,19400
1452884942,201.7600,201.8900,201.6000,201.6900,20200
1452885246,202.1100,202.6000,201.6000,201.7400,63000
1452885542,201.7500,202.4683,201.6600,202.0800,28200
1452885842,201.0700,201.7800,200.7700,201.6800,22900
1452886144,200.2700,201.7990,200.2500,201.0700,25300
1452886440,200.7332,201.2400,200.2711,200.2711,31300
1452886752,201.3066,201.5900,200.6300,200.7600,17100
1452887061,201.8000,201.8300,201.0484,201.4200,21200
1452887349,201.5900,201.9900,201.2400,201.7900,19400
1452887699,202.3900,202.7000,201.0300,201.4800,32300
1452887940,203.0600,203.1800,202.0501,202.3701,60400
1452888298,202.9000,203.1680,202.2400,203.0800,50300
1452888542,203.1000,203.9800,202.8812,202.8812,63200
1452888899,202.9000,203.1800,202.5000,203.0400,27700
1452889145,201.6800,202.8800,200.6000,202.8300,69600
1452889445,201.7900,202.2200,201.0700,201.4400,58800
1452889740,202.2500,202.9099,201.7500,201.9000,43700
1452890040,203.0400,203.3800,201.9500,202.3600,66000
1452890340,203.1001,203.8800,202.5000,202.9200,82500
1452890640,203.2800,203.2900,202.4500,203.0200,74500
1452890999,203.5400,203.6500,203.1200,203.5000,86800
1452891240,204.6200,204.8100,203.6855,203.7600,170100
1452891547,204.8300,204.9900,204.4500,204.5700,726700
1452891600,204.9900,204.9900,204.9900,204.9900,0
