1451918099,102.2400,102.7900,102.0200,102.6100,3622400
1451918340,103.5101,103.6100,102.2800,102.2900,2021200
1451918640,102.6800,103.6900,102.6000,103.5200,2384800
1451918999,103.0200,103.2300,102.4300,102.6400,1116000
1451919240,102.8749,103.0600,102.8500,103.0298,885700
1451919540,102.6923,102.9400,102.6800,102.8700,731400
1451919899,102.6100,102.7500,102.3800,102.6800,983900
1451920140,102.7100,102.7800,102.4700,102.6000,790200
1451920440,102.9700,102.9850,102.6000,102.7099,889500
1451920799,103.3680,103.4100,102.8800,102.9800,784900
1451921040,103.3399,103.5900,103.2000,103.3500,1066400
1451921399,103.2800,103.3900,103.1600,103.3300,683600
1451921640,103.2000,103.3100,103.1300,103.2861,549200
1451921940,103.2900,103.3300,103.0200,103.2100,740600
1451922299,103.5200,103.5500,103.0100,103.2800,640700
1451922599,103.8200,103.8700,103.4300,103.5300,835800
1451922899,103.4300,103.9350,103.3800,103.8200,768800
1451923199,103.3420,103.4500,103.2200,103.4300,679300
1451923440,103.2500,103.3400,103.1100,103.3300,702200
1451923740,103.0800,103.2440,102.5000,103.2400,682500
1451924099,103.0300,103.2300,103.0200,103.0750,468200
1451924399,102.9900,103.1400,102.8700,103.0400,643500
1451924640,103.2547,103.2900,102.9500,102.9948,461900
1451924940,103.4241,103.4700,103.1500,103.2412,549800
1451925240,103.4010,103.4900,103.3200,103.4200,452700
1451925540,103.4701,103.4800,103.2050,103.4090,373600
1451925841,103.8000,103.8350,103.4700,103.4800,677800
1451926140,103.7700,103.8200,103.5850,103.7899,410000
1451926440,103.7200,103.9000,103.7000,103.7800,445000
1451926740,103.8300,103.8500,103.6401,103.7100,403400
1451927040,103.8400,103.8450,103.6900,103.8400,1516900
1451927340,103.8390,103.9700,103.7600,103.8500,419800
1451927699,103.7577,103.9200,103.7100,103.8300,333000
1451927941,103.9100,104.0500,103.7300,103.7500,517200
1451928240,103.8115,103.9090,103.7100,103.9090,396800
1451928599,103.8700,103.9700,103.7400,103.8100,396500
1451928840,103.8500,103.9200,103.8100,103.8750,448700
1451929140,104.2200,104.2400,103.8300,103.8300,623700
1451929441,104.4300,104.5000,104.1500,104.2217,636400
1451929740,104.6000,104.6700,104.4300,104.4400,655200
1451930099,104.7800,104.8300,104.6101,104.6160,679100
1451930341,104.7825,104.8900,104.7200,104.8000,531900
1451930641,104.7700,104.8723,104.6300,104.7800,461700
1451930998,104.6952,104.8450,104.6410,104.7500,391600
1451931298,104.8900,104.9600,104.5700,104.6900,750400
1451931599,104.7400,104.9900,104.7100,104.9008,480100
1451931840,104.7900,104.8800,104.7000,104.7419,485200
1451932140,104.6699,104.8000,104.6100,104.8000,288000
1451932441,104.7100,104.7550,104.6200,104.6600,409600
1451932799,104.7525,104.8100,104.6400,104.7100,290900
1451933040,104.5500,104.7531,104.4800,104.7500,371600
1451933399,104.3600,104.6000,104.3100,104.5500,6965900
1451933699,104.6730,104.7500,104.3600,104.3650,475500
1451933999,104.6401,104.7600,104.5000,104.6683,438400
1451934240,104.5700,104.6500,104.4600,104.6400,584300
1451934543,104.7000,104.7200,104.4100,104.5750,508700
1451934840,104.8800,104.9000,104.6170,104.7050,576700
1451935140,105.2000,105.2100,104.8100,104.8900,766300
1451935440,105.3200,105.3680,105.1800,105.2000,792300
1451935741,105.2299,105.3300,105.1000,105.3200,499000
1451936042,105.0800,105.2790,105.0200,105.2200,572800
1451936340,105.1100,105.1900,104.9000,105.0800,520100
1451936640,105.0500,105.1326,105.0000,105.1000,284400
1451936943,104.8600,105.1500,104.8310,105.0800,382300
1451937240,104.6700,104.9465,104.5900,104.8657,381500
1451937540,104.7500,104.8000,104.6200,104.6750,332800
1451937841,104.4500,104.7500,104.4400,104.7500,518700
1451938140,104.5069,104.6006,104.4200,104.4500,376500
1451938499,104.1560,104.5290,104.0100,104.5000,604400
1451938740,104.2000,104.2800,104.1300,104.1600,432400
1451939040,103.9000,104.2700,103.8300,104.1800,813000
1451939340,104.0600,104.0900,103.8900,103.9096,483500
1451939640,104.3754,104.4300,104.0200,104.0500,687300
1451939940,104.6000,104.6050,104.3700,104.3700,562100
1451940240,104.7000,104.7500,104.5100,104.6000,2216900
1451940599,105.1390,105.1500,104.6900,104.7000,868300
1451940840,105.2200,105.2900,105.0000,105.1300,2563700
1451941140,105.3300,105.3500,105.1300,105.2350,5839400
1451941200,105.3500,105.3500,105.3500,105.3500,0
1452004440,104.9100,105.8499,104.7300,105.7500,0
1452004799,104.6000,105.0700,104.3800,104.9700,1017000
1452005040,104.9650,105.0500,104.3700,104.6000,954400
1452005399,104.3900,105.0500,104.3900,104.9650,937400
1452005699,104.1900,104.4900,104.1000,104.4050,842500
1452005940,104.1380,104.4101,104.1200,104.1890,540600
1452006240,103.8700,104.2800,103.8300,104.1200,973700
1452006599,103.9250,104.1800,103.8400,103.8600,673600
1452006840,104.0900,104.2478,103.9300,103.9400,471700
1452007140,104.2200,104.3700,103.9800,104.0900,539900
1452007499,104.1232,104.2400,104.0000,104.2050,354300
1452007741,104.2040,104.2800,104.0800,104.1200,277400
1452008040,104.3600,104.4400,104.1900,104.2068,421500
1452008397,104.5100,104.6100,104.3400,104.3600,498500
1452008693,104.2650,104.5700,104.2600,104.5050,321500
1452008940,104.7400,104.7500,104.2800,104.3200,428100
1452009240,104.7400,104.9500,104.6400,104.7485,636000
1452009599,104.4950,104.7750,104.4800,104.7400,354100
1452009840,104.3050,104.5500,104.2600,104.4950,328600
1452010199,104.0900,104.3800,104.0600,104.3050,312100
1452010440,104.0200,104.1800,103.9800,104.0900,565900
1452010740,103.8950,104.1200,103.8800,103.9801,502700
1452011041,103.9900,104.0900,103.8700,103.8800,355400
1452011399,103.9200,104.0800,103.8999,103.9900,352800
1452011640,104.1500,104.1800,103.8900,103.9300,319900
1452011999,104.0750,104.1600,104.0600,104.1400,269600
1452012240,104.0330,104.1500,104.0100,104.0750,176900
1452012599,104.2100,104.2600,103.9900,104.0100,355500
1452012899,104.0900,104.2900,104.0800,104.2200,228900
1452013140,104.0900,104.1900,104.0300,104.0900,193100
1452013440,103.6920,104.1000,103.6500,104.0950,789700
1452013799,103.0600,103.7100,102.5000,103.6850,2898800
1452014099,103.0200,103.2400,102.4200,103.0600,2226700
1452014399,102.7100,103.0420,102.4200,103.0269,1618300
1452014699,103.1300,103.2450,102.6100,102.6900,1225600
1452014999,103.1010,103.3000,102.7900,103.1200,889600
1452015298,103.3800,103.5600,103.0000,103.1000,943700
1452015599,103.2900,103.4200,103.1600,103.3389,531400
1452015840,102.8500,103.3200,102.8000,103.2980,929100
1452016140,102.7972,102.9590,102.7200,102.8500,572900
1452016440,103.0700,103.0800,102.7200,102.7800,597000
1452016741,103.0250,103.0900,102.8200,103.0601,553700
1452017040,103.2000,103.2900,102.9400,103.0400,596800
1452017399,102.8900,103.3000,102.8900,103.1900,554300
1452017699,102.8600,102.9900,102.8000,102.8801,372200
1452017999,102.8500,102.9300,102.7700,102.8699,413200
1452018242,102.7900,102.8800,102.7500,102.8558,372900
1452018599,103.0350,103.0800,102.7900,102.7900,446300
1452018899,103.1501,103.2600,102.9400,103.0350,461500
1452019199,103.2036,103.2500,103.0600,103.1500,431900
1452019499,103.4180,103.5400,103.2000,103.2000,578300
1452019799,103.6300,103.6600,103.3600,103.4300,557300
1452020099,103.6405,103.7500,103.5600,103.6333,727700
1452020399,103.4800,103.6595,103.4400,103.6500,350300
1452020697,103.4263,103.5200,103.3600,103.4850,376700
1452020941,103.3700,103.4240,103.2151,103.4240,356600
1452021240,103.3900,103.4500,103.3600,103.3700,307800
1452021540,103.4765,103.5200,103.3600,103.3900,493900
1452021840,103.6999,103.7400,103.4500,103.4800,632900
1452022198,103.5550,103.7000,103.5000,103.6910,487400
1452022499,103.3500,103.5700,103.3400,103.5500,650200
1452022799,103.2001,103.3900,103.1207,103.3600,545400
1452023040,103.0634,103.2400,103.0500,103.2000,422100
1452023340,103.1885,103.2099,102.9700,103.0700,545300
1452023640,103.0150,103.2000,102.9840,103.1800,349200
1452023940,102.9900,103.2060,102.9089,103.0200,1255400
1452024240,102.8750,103.0000,102.8100,103.0000,533200
1452024599,102.8550,102.9760,102.7600,102.8800,482400
1452024840,103.0050,103.0900,102.7600,102.8525,839500
1452025140,102.8000,103.0200,102.7800,103.0000,645900
1452025440,102.7200,102.8130,102.6150,102.8130,798100
1452025798,102.8044,102.8500,102.6800,102.7200,467600
1452026040,102.8400,102.9400,102.6300,102.8100,822300
1452026340,102.6500,102.9300,102.6500,102.8700,642400
1452026640,102.7785,102.9300,102.6600,102.6600,871600
1452026940,102.7400,102.7800,102.6100,102.7700,861800
1452027299,102.6800,102.9100,102.6800,102.7400,980200
1452027599,102.7100,102.8600,102.6000,102.7244,1874500
1452027600,102.7100,102.7100,102.7100,102.7100,3981700
1452090840,101.0129,101.2700,100.5350,100.5392,0
1452091140,101.2800,101.5400,100.7500,100.9700,1763500
1452091440,100.9989,101.3200,100.8000,101.2900,1219700
1452091740,101.6900,101.7100,100.7400,100.9800,1763000
1452092040,101.3000,101.8700,101.2800,101.6900,1241300
1452092399,101.4098,101.5000,101.2300,101.3000,807000
1452092640,101.2100,101.4500,100.9900,101.3900,1136100
1452092999,101.8000,101.9000,101.1600,101.2100,1460200
1452093299,101.7300,101.8100,101.5200,101.8100,838100
1452093599,101.9400,102.0000,101.6300,101.7250,1714700
1452093841,102.0900,102.2626,101.9300,101.9390,1082500
1452094199,102.3500,102.3700,102.0450,102.0999,670900
1452094440,101.9000,102.3500,101.8300,102.3500,648600
1452094798,101.3899,101.8955,101.3700,101.8950,703700
1452095040,101.3550,101.4670,101.2300,101.3835,681800
1452095399,101.3099,101.4100,101.1800,101.3500,584700
1452095640,101.3599,101.4700,101.2700,101.3100,618200
1452095940,101.5100,101.6000,101.2800,101.3500,708800
1452096299,102.0700,102.0700,101.4600,101.5100,684000
1452096540,101.8200,102.1500,101.7700,102.0700,824300
1452096840,101.8200,101.8300,101.6600,101.8101,514300
1452097140,101.8300,101.9700,101.6100,101.8200,652400
1452097441,101.9500,102.1600,101.8050,101.8350,690700
1452097798,101.8750,102.0000,101.8300,101.9400,521000
1452098099,101.6900,101.9237,101.5600,101.8800,442100
1452098340,101.6000,101.7300,101.4950,101.6800,474500
1452098640,101.3995,101.7200,101.3500,101.6180,558800
1452098941,101.4100,101.4399,101.3200,101.3950,502800
1452099242,101.4150,101.4900,101.3700,101.4000,315100
1452099540,101.1800,101.4600,101.1700,101.4400,571000
1452099899,101.2500,101.2999,101.1600,101.1850,479800
1452100199,101.3090,101.3160,101.1500,101.2571,680600
1452100440,101.1898,101.3100,101.1650,101.3100,397900
1452100740,101.0081,101.2300,100.9400,101.2100,1110000
1452101099,100.7844,101.0100,100.7500,101.0061,1186300
1452101399,100.6700,100.8900,100.6500,100.7875,964600
1452101640,100.6100,100.6700,100.4000,100.6700,1134300
1452101999,101.0100,101.1400,100.5500,100.6050,1003700
1452102241,100.8300,101.1000,100.8300,101.0100,505800
1452102599,100.7274,100.9200,100.7100,100.8400,431400
1452102899,100.5276,100.7700,100.5200,100.7250,478300
1452103199,100.3663,100.5700,100.3561,100.5200,590300
1452103499,100.5300,100.5300,100.3600,100.3700,548800
1452103741,100.1700,100.5684,100.1700,100.5250,741100
1452104099,100.1000,100.3200,100.0750,100.1749,899800
1452104399,100.1800,100.2500,100.0775,100.1000,678300
1452104640,100.4300,100.4350,100.1500,100.1800,635000
1452104941,100.5900,100.7600,100.4200,100.4300,846600
1452105241,100.4000,100.6900,100.3800,100.5950,449000
1452105541,100.5770,100.6900,100.3600,100.3900,379800
1452105840,100.4243,100.5800,100.4000,100.5735,331200
1452106140,100.3200,100.4500,100.2500,100.4100,328100
1452106440,100.4500,100.4800,100.2700,100.3190,366900
1452106740,100.2960,100.5000,100.2500,100.4600,402800
1452107099,100.4300,100.5400,100.2100,100.3000,643300
1452107399,100.7100,100.7400,100.3600,100.4300,820500
1452107699,100.7101,100.7700,100.5600,100.7200,616000
1452107940,100.9100,100.9369,100.7130,100.7200,619900
1452108240,100.7260,100.9200,100.6201,100.9000,436400
1452108540,100.5850,100.7900,100.5200,100.7300,458900
1452108840,100.5149,100.6700,100.4200,100.5900,604300
1452109140,100.4400,100.6100,100.4200,100.5400,436100
1452109499,100.2670,100.4800,100.0800,100.4500,987200
1452109740,100.0200,100.2600,100.0100,100.2600,1059000
1452110040,100.2700,100.3700,99.9600,100.0200,2223400
1452110399,100.1000,100.2850,100.0000,100.2600,798700
1452110640,100.2300,100.2500,100.0000,100.1100,1053300
1452110940,100.1050,100.2800,100.0900,100.2350,695600
1452111240,100.1300,100.2400,100.0700,100.1100,722400
1452111540,100.1599,100.1600,99.8700,100.1300,1502900
1452111840,100.2500,100.2700,100.1000,100.1500,934300
1452112140,100.2460,100.2900,100.0900,100.2400,954900
1452112499,100.5320,100.5400,100.2300,100.2500,947900
1452112741,100.5300,100.5800,100.3900,100.5050,728900
1452113040,100.4511,100.5270,100.2700,100.5264,764400
1452113340,100.3300,100.5200,100.2500,100.4600,827700
1452113640,100.3600,100.4200,100.1600,100.3400,1007100
1452113941,100.6800,100.7400,100.2900,100.3700,1853400
1452114000,100.7000,100.7000,100.7000,100.7000,1798800
1452177240,98.2800,98.7800,97.7600,98.6500,0
1452177542,99.3400,99.3800,98.2604,98.2604,2143900
1452177898,99.0450,99.6300,98.9300,99.3300,1904200
1452178141,99.3000,99.3000,98.5000,99.0200,1492000
1452178499,98.8440,99.2900,98.8300,99.2800,1014000
1452178799,98.9901,99.0000,98.6600,98.8900,1198300
1452179040,98.6300,98.9500,98.6300,98.9500,859900
1452179399,98.5500,98.6500,98.4300,98.6300,1113500
1452179699,98.9269,98.9300,98.5500,98.5600,1054400
1452179940,99.0350,99.1200,98.8000,98.9250,1682100
1452180241,99.0500,99.1300,98.8500,99.0400,821000
1452180540,99.3500,99.5000,99.0200,99.0600,1020100
1452180899,99.7250,99.7300,99.3800,99.3880,1073800
1452181140,99.7100,99.8800,99.4600,99.7250,1344600
1452181440,99.4400,99.7800,99.4300,99.7000,834600
1452181799,99.3800,99.4700,99.2800,99.4311,679200
1452182099,99.7100,99.7200,99.3825,99.3825,618400
1452182398,99.7900,100.0000,99.7100,99.7100,1075900
1452182640,99.7332,100.1300,99.6600,99.7965,949400
1452182940,99.7200,99.8100,99.6300,99.7390,638000
1452183240,99.6910,99.8800,99.6100,99.7300,596600
1452183540,99.7200,99.7900,99.6200,99.6900,461900
1452183899,99.5300,99.8500,99.4600,99.7000,606300
1452184140,99.2600,99.5700,99.2310,99.5300,551200
1452184443,99.2900,99.4600,99.1700,99.2369,531500
1452184740,99.2000,99.3300,99.1232,99.3000,418300
1452185040,99.1850,99.2000,99.0000,99.1939,490100
1452185341,98.9100,99.1900,98.8100,99.1899,902100
1452185640,99.0100,99.0501,98.9000,98.9100,412600
1452185941,99.0050,99.1700,99.0000,99.0100,393900
1452186240,99.0162,99.1300,98.9500,99.0100,457600
1452186540,98.9599,99.0500,98.7700,99.0100,545200
1452186840,98.8900,99.0000,98.8300,98.9500,315900
1452187140,98.9700,99.0800,98.8700,98.9156,441400
1452187440,98.7700,99.0070,98.7700,98.9700,586600
1452187740,98.7000,98.7800,98.6100,98.7741,568600
1452188040,98.6360,98.7500,98.6100,98.6900,404400
1452188399,98.5301,98.6300,98.4500,98.6282,693100
1452188699,98.4041,98.6300,98.3800,98.5310,414100
1452188941,98.4333,98.5100,98.3600,98.4100,414500
1452189299,98.4050,98.4700,98.2600,98.4359,619800
1452189541,98.1840,98.4000,98.0700,98.4000,737700
1452189899,98.0001,98.2300,98.0000,98.1700,937500
1452190199,97.9000,98.0100,97.8000,98.0000,968300
1452190499,97.9735,97.9900,97.7700,97.9000,875400
1452190740,97.8500,98.0500,97.8201,97.9700,784200
1452191099,97.9400,97.9600,97.6700,97.8401,951800
1452191399,97.9437,98.0900,97.9100,97.9301,798300
1452191640,98.0300,98.0600,97.7900,97.9300,792200
1452191999,97.9790,98.1400,97.8000,98.0500,1178800
1452192240,98.0210,98.1200,97.7600,97.9502,905200
1452192540,98.0161,98.1150,97.9300,98.0200,780100
1452192899,97.9150,98.0800,97.8600,98.0110,797500
1452193140,97.7815,97.9700,97.7000,97.9101,683400
1452193499,97.5799,97.8570,97.5000,97.7895,993800
1452193740,97.4800,97.6000,97.4000,97.5701,864500
1452194040,97.4000,97.6600,97.3900,97.4710,861400
1452194340,97.5760,97.6202,97.3600,97.4100,666600
1452194699,97.4400,97.5800,97.3500,97.5722,584300
1452194999,97.2300,97.5000,97.2000,97.4360,674600
1452195241,96.9700,97.3197,96.6940,97.1900,1606500
1452195540,97.1500,97.2620,96.9613,96.9650,1002800
1452195840,97.4620,97.4900,97.0300,97.1600,792300
1452196140,97.6000,97.6500,97.4100,97.4500,974000
1452196440,97.4499,97.6500,97.3700,97.5900,740000
1452196740,97.1700,97.4900,97.1700,97.4460,654000
1452197040,96.9700,97.2600,96.9000,97.1500,1026500
1452197340,97.3360,97.3500,96.9200,96.9700,716300
1452197641,97.1799,97.4700,97.0200,97.3400,697800
1452197999,97.1000,97.2800,96.9600,97.2018,661900
1452198299,96.9510,97.1050,96.7300,97.1050,1293500
1452198599,96.6000,96.9600,96.6000,96.9600,952800
1452198899,97.0900,97.1000,96.5800,96.6000,1721700
1452199140,97.2600,97.3200,96.9000,97.0800,1445000
1452199441,97.0500,97.3200,97.0108,97.2450,1376300
1452199799,97.1950,97.3700,97.0400,97.0400,1227100
1452200041,96.9850,97.1908,96.7300,97.1300,2263300
1452200399,96.5400,97.1400,96.4400,96.9850,2744000
1452200400,96.4500,96.4500,96.4500,96.4500,3734600
1452263641,98.3100,98.5500,98.1700,98.5000,0
1452263940,98.3699,98.4000,98.0000,98.3139,1992500
1452264299,98.0440,98.4400,98.0300,98.3501,1273600
1452264540,98.4500,98.4900,97.7000,98.0400,2653700
1452264899,98.6499,98.8210,98.2100,98.4500,1675400
1452265140,99.0850,99.1000,98.5489,98.6400,1984100
1452265441,98.6185,99.0800,98.5400,99.0800,1295500
1452265799,98.1300,98.6400,98.1300,98.6400,1163300
1452266040,98.0260,98.3300,97.8900,98.0900,1068300
1452266398,98.0350,98.2400,97.9500,98.0200,778900
1452266640,97.7830,98.0850,97.6360,98.0200,966900
1452266999,97.8950,98.0700,97.7000,97.7741,960100
1452267299,98.0800,98.1700,97.8700,97.9000,772700
1452267540,97.6760,98.1100,97.5500,98.0900,834400
1452267840,97.4200,97.7500,97.3800,97.6800,811600
1452268140,97.7530,97.8400,97.3100,97.4100,742100
1452268440,97.6200,97.7850,97.5100,97.7560,568900
1452268799,97.6350,97.8000,97.5200,97.6200,600300
1452269040,97.7620,97.9300,97.6300,97.6400,730200
1452269399,97.6900,97.9500,97.6300,97.7700,553800
1452269640,97.5801,97.6850,97.4900,97.6800,1058100
1452269999,97.6500,97.7500,97.5350,97.5800,729100
1452270299,97.5000,97.7200,97.3300,97.6500,949100
1452270599,97.2900,97.5099,97.0800,97.5000,872800
1452270840,96.8000,97.3100,96.8000,97.2900,1141100
1452271199,97.0700,97.1600,96.7600,96.8050,862700
1452271499,97.0800,97.1003,96.8500,97.0720,736500
1452271799,97.3000,97.3000,96.9800,97.0700,690900
1452272099,97.7000,97.7058,97.1550,97.2900,703100
1452272399,97.9400,97.9400,97.6000,97.6900,721500
1452272640,98.1500,98.1663,97.8200,97.9300,941000
1452272999,98.7300,98.7900,98.1550,98.1600,1604500
1452273299,98.8600,98.8700,98.6100,98.7300,1304700
1452273540,98.6100,98.9100,98.6000,98.8605,934100
1452273840,98.7026,98.7800,98.5500,98.6053,800000
1452274140,98.8140,98.8400,98.5800,98.6900,817600
1452274440,98.2600,98.8299,98.2600,98.8200,878600
1452274740,98.2237,98.4300,98.1800,98.2700,719000
1452275040,98.2330,98.3200,98.1710,98.2300,408400
1452275399,98.5701,98.6500,98.1800,98.2499,603800
1452275640,98.5100,98.5900,98.3400,98.5776,336900
1452275999,98.4850,98.5300,98.3400,98.5200,301000
1452276240,98.5765,98.7200,98.4800,98.4800,557900
1452276540,98.3410,98.5700,98.2500,98.5700,594500
1452276840,98.4700,98.4900,98.2500,98.3300,438000
1452277199,98.4900,98.5500,98.3800,98.4601,481700
1452277499,98.3662,98.5900,98.2700,98.4900,463500
1452277740,98.4200,98.4600,98.2400,98.3600,402200
1452278099,98.5250,98.5633,98.3564,98.4200,366200
1452278340,98.8600,98.9500,98.5200,98.5276,688900
1452278699,98.8201,98.9299,98.7400,98.8400,496000
1452278940,98.6300,98.8400,98.5400,98.8280,562700
1452279240,98.6100,98.7400,98.5750,98.6400,349900
1452279541,98.4900,98.6500,98.4100,98.6000,412000
1452279840,98.3300,98.5608,98.3000,98.4922,546800
1452280140,98.2900,98.3700,98.2100,98.3250,468500
1452280440,97.7600,98.2900,97.7500,98.2800,743000
1452280740,97.8965,97.9400,97.5600,97.7700,723300
1452281099,97.6500,97.9800,97.5820,97.8950,619800
1452281399,97.4900,97.7100,97.4200,97.6500,577100
1452281640,97.8272,97.8630,97.4550,97.4800,578400
1452281940,97.6900,97.8300,97.6090,97.8300,369300
1452282241,98.0800,98.0800,97.5800,97.6800,461000
1452282599,97.9200,98.0800,97.8800,98.0700,478500
1452282840,97.8000,97.9600,97.6400,97.9300,475500
1452283199,97.6400,97.8100,97.5400,97.7970,454400
1452283499,97.8740,97.9900,97.5800,97.6300,510000
1452283740,97.7700,97.9500,97.7000,97.8714,342600
1452284099,97.6957,97.8300,97.5100,97.7700,423100
1452284399,97.6000,97.8800,97.5900,97.6900,431700
1452284641,97.5800,97.6800,97.5100,97.5900,328400
1452284940,97.4500,97.6800,97.3600,97.5900,683100
1452285299,97.2800,97.4435,97.2200,97.4400,776500
1452285599,97.2400,97.4000,97.1500,97.2739,736300
1452285842,97.1300,97.3600,97.1000,97.2400,781800
1452286141,96.9600,97.1700,96.9600,97.1000,1508400
1452286499,96.9900,97.1000,96.9000,96.9650,1574600
1452286743,97.0000,97.0700,96.9200,97.0000,6002600
1452286800,96.9600,96.9600,96.9600,96.9600,0
1452522899,98.3901,99.0600,98.1700,98.9700,0
1452523140,97.8500,98.3900,97.8200,98.3900,979200
1452523499,97.7100,97.9900,97.3400,97.9700,1522100
1452523740,97.5261,97.9700,97.5100,97.7100,742300
1452524040,97.9590,98.0700,97.5100,97.5300,951700
1452524340,97.9600,98.0500,97.8000,97.9500,696000
1452524640,98.0300,98.3700,97.8365,97.9400,921000
1452524940,98.0990,98.1200,97.8000,98.0370,635700
1452525240,98.1200,98.4600,98.0650,98.0831,765000
1452525540,98.1600,98.1680,97.9600,98.1200,841000
1452525840,98.2300,98.2900,98.1100,98.1700,592100
1452526199,98.1199,98.2700,98.0300,98.2358,528900
1452526440,98.3350,98.3900,98.0800,98.1100,500800
1452526740,98.2000,98.3800,98.1300,98.3350,461200
1452527040,98.2099,98.2730,98.0100,98.1900,482900
1452527340,97.9900,98.2200,97.8500,98.1900,619600
1452527699,97.7950,98.0100,97.6700,98.0000,640600
1452527940,97.7400,97.9900,97.6900,97.8000,743200
1452528241,97.6300,97.8600,97.6100,97.7100,799300
1452528540,97.7399,97.7800,97.5000,97.6100,563300
1452528841,97.8700,97.8700,97.7160,97.7300,407800
1452529140,97.8300,98.0800,97.8100,97.8500,547000
1452529440,97.8100,97.9100,97.6800,97.8510,439600
1452529799,97.8400,97.8990,97.7500,97.8100,297400
1452530099,97.7299,97.9000,97.6800,97.8300,531700
1452530399,98.0700,98.1700,97.7100,97.7399,590000
1452530640,98.1780,98.3000,98.0400,98.0800,455400
1452530940,98.4000,98.4000,98.1600,98.1650,508700
1452531299,98.3635,98.4600,98.2500,98.3800,418200
1452531599,98.2714,98.4600,98.2100,98.3600,421000
1452531840,98.2600,98.3600,98.2400,98.2800,356900
1452532140,98.2900,98.3600,98.1400,98.2600,337300
1452532499,98.2100,98.4500,98.1800,98.2900,440600
1452532799,98.0700,98.3000,98.0000,98.2000,382500
1452533040,97.9600,98.1100,97.8600,98.0702,360700
1452533341,97.8600,97.9753,97.7805,97.9500,320100
1452533640,97.9899,98.0300,97.8201,97.8400,376600
1452533999,97.9150,98.0900,97.8900,97.9800,442700
1452534299,97.9400,98.0000,97.7600,97.9100,483300
1452534598,98.0200,98.0900,97.9100,97.9300,350500
1452534840,97.8500,98.0600,97.8300,98.0299,301100
1452535199,98.0150,98.0600,97.8200,97.8400,357100
1452535440,98.0700,98.0900,97.8200,98.0200,455700
1452535799,97.9200,98.0900,97.8800,98.0700,250400
1452536099,97.7599,97.9800,97.7000,97.9200,700800
1452536340,97.9900,98.0000,97.7600,97.7600,320700
1452536640,98.1300,98.2250,97.9750,98.0000,493600
1452536999,97.9001,98.1900,97.8900,98.1350,344000
1452537299,97.9300,98.0200,97.8800,97.9100,246800
1452537543,97.9300,98.0000,97.8100,97.9210,321900
1452537899,97.8000,97.9500,97.7470,97.9215,337700
1452538140,97.6400,97.8100,97.6000,97.8000,544300
1452538440,97.7858,97.8000,97.5800,97.6399,513400
1452538799,97.6940,97.8400,97.6800,97.7900,396800
1452539040,97.9090,97.9400,97.6400,97.6925,528900
1452539399,97.9400,98.0350,97.8099,97.8800,578000
1452539640,97.8950,98.1500,97.8550,97.9300,477700
1452539999,98.1200,98.1800,97.8900,97.8900,428500
1452540299,98.1800,98.2100,97.9300,98.1300,338500
1452540540,98.3500,98.5000,98.1700,98.1900,794400
1452540841,98.5300,98.5900,98.3500,98.3600,742200
1452541140,98.5390,98.5600,98.3000,98.5300,688400
1452541441,98.4750,98.5700,98.3800,98.5300,392700
1452541740,98.2600,98.5400,98.2200,98.4700,461900
1452542040,98.1100,98.2500,98.0600,98.2400,410500
1452542341,98.0700,98.1800,97.9300,98.1060,350000
1452542698,98.0680,98.2000,97.9900,98.0600,335300
1452542999,97.8200,98.0544,97.7600,98.0544,488700
1452543299,97.6500,97.8500,97.6300,97.8300,512700
1452543599,97.6600,97.7200,97.5000,97.6600,981000
1452543840,98.0300,98.0400,97.5700,97.6600,609500
1452544144,98.4700,98.5650,97.9500,98.0200,929700
1452544440,98.6311,98.6800,98.3200,98.4725,921600
1452544799,98.6950,98.8400,98.4600,98.6300,868700
1452545099,98.8400,98.8550,98.5800,98.6800,719900
1452545399,98.7099,98.8300,98.5800,98.8300,756500
1452545699,98.6800,98.7800,98.5900,98.7100,947400
1452545999,98.5200,98.7300,98.4600,98.6900,1460600
1452546000,98.5300,98.5300,98.5300,98.5300,8700
1452609299,100.3200,100.5000,99.8430,100.4880,0
1452609540,100.3798,100.6900,99.9900,100.3300,1714600
1452609840,100.1300,100.4900,99.9500,100.3800,1059800
1452610140,99.9100,100.2000,99.9000,100.0889,1179000
1452610499,100.0100,100.1400,99.9000,99.9200,808800
1452610740,100.3800,100.5000,99.8900,100.0000,1308600
1452611099,100.1800,100.6000,100.0400,100.3800,903400
1452611399,99.8500,100.2600,99.8100,100.1900,992900
1452611699,100.0200,100.3200,99.8500,99.8501,794700
1452611940,99.9450,100.0599,99.7100,100.0200,836000
1452612240,99.8598,99.9400,99.7400,99.9000,596000
1452612541,100.0200,100.0300,99.7800,99.8600,626600
1452612840,100.0400,100.1720,99.9600,100.0200,533700
1452613199,99.8600,100.1100,99.8000,100.0499,1201000
1452613440,99.6900,99.9299,99.5300,99.8500,546700
1452613740,99.4650,99.7000,99.4300,99.6900,635300
1452614099,99.6200,99.6500,99.3700,99.4700,598700
1452614340,99.7265,99.7800,99.5900,99.6300,415700
1452614640,99.7190,99.8100,99.5500,99.7000,483800
1452614940,99.4861,99.7200,99.4300,99.7100,409300
1452615240,99.3300,99.4858,99.1700,99.4810,591600
1452615599,99.3800,99.4800,99.2458,99.3300,467900
1452615899,99.2200,99.3800,99.2000,99.3800,315900
1452616140,99.4100,99.4500,99.1100,99.2140,519600
1452616499,99.4290,99.4500,99.3000,99.4100,348000
1452616799,99.2400,99.4300,99.2000,99.4100,547200
1452617099,99.3700,99.4797,99.1400,99.2450,397000
1452617399,99.5800,99.6292,99.2900,99.3500,357600
1452617640,99.4600,99.6100,99.4000,99.5800,507200
1452617999,99.6501,99.7000,99.4500,99.4500,513500
1452618299,99.8400,99.8500,99.5700,99.6500,473300
1452618540,99.6300,99.8700,99.6200,99.8300,353700
1452618840,99.6039,99.7200,99.4900,99.6300,346700
1452619199,99.3681,99.6324,99.3450,99.6000,327800
1452619499,99.2650,99.4200,99.2200,99.3700,357200
1452619740,99.3535,99.5625,99.2600,99.2651,294400
1452620099,99.1900,99.4800,99.1900,99.3400,275800
1452620341,99.2250,99.2800,99.0300,99.1900,513400
1452620699,99.2050,99.3640,99.1600,99.2296,392000
1452620999,99.3300,99.5000,99.1600,99.2100,515600
1452621240,99.4457,99.4600,99.2800,99.3400,276900
1452621541,99.2300,99.4500,99.2000,99.4500,223200
1452621840,99.4130,99.5300,99.2100,99.2150,372100
1452622140,99.4100,99.4967,99.2700,99.4051,475100
1452622440,99.6300,99.6900,99.3700,99.4100,426800
1452622799,99.5000,99.6300,99.3900,99.6300,341000
1452623099,99.2800,99.5001,99.2700,99.5001,280600
1452623399,99.2889,99.4300,99.2200,99.2700,352700
1452623699,99.3900,99.4600,99.2000,99.2800,352300
1452623941,99.3500,99.5300,99.2500,99.3920,268600
1452624240,99.5300,99.5700,99.2800,99.3600,285700
1452624542,99.5000,99.6100,99.4001,99.5500,306800
1452624899,99.4900,99.6500,99.4600,99.5000,277200
1452625140,99.3000,99.5000,99.3000,99.4996,210200
1452625440,99.0000,99.3500,98.9800,99.3100,657100
1452625799,99.1150,99.1500,98.9200,99.0100,523600
1452626040,99.0300,99.2100,99.0000,99.1100,403200
1452626340,99.0100,99.0300,98.8399,99.0200,528000
1452626699,99.3100,99.3200,98.9500,99.0100,605700
1452626940,99.3200,99.4300,99.2300,99.3000,451000
1452627240,99.4100,99.4800,99.2799,99.3100,402400
1452627540,99.5500,99.6500,99.3600,99.4000,485800
1452627841,99.4700,99.6400,99.3800,99.5500,408100
1452628140,99.3565,99.5400,99.3200,99.4600,348800
1452628499,99.6400,99.6400,99.2800,99.3400,369900
1452628799,99.6250,99.7200,99.5700,99.6492,358600
1452629041,99.4696,99.6420,99.3700,99.6210,413700
1452629399,99.2200,99.4900,99.2000,99.4700,403300
1452629640,99.3360,99.4600,99.2100,99.2273,384700
1452629940,99.6500,99.6500,99.3000,99.3590,407600
1452630299,99.8836,99.8850,99.6400,99.6600,606800
1452630599,99.6900,99.8800,99.6700,99.8550,607400
1452630840,99.6666,99.8200,99.6200,99.6700,433500
1452631199,99.6801,99.9400,99.6350,99.6700,607600
1452631499,99.9600,99.9900,99.6000,99.6700,560700
1452631799,99.9600,100.0000,99.8400,99.9500,616900
1452632099,99.9950,100.0250,99.8200,99.9000,1287100
1452632340,99.9600,100.2100,99.9600,100.0000,1782300
1452632400,99.9600,99.9600,99.9600,99.9600,400
1452695696,100.0200,100.7400,99.9600,100.5500,0
1452695994,100.0600,100.1700,99.8800,99.9500,1153800
1452696299,100.0200,100.1900,99.9100,100.0300,1307300
1452696540,100.0700,100.2800,99.9700,100.0200,1233600
1452696899,100.4850,100.5000,100.0600,100.0700,1330500
1452697140,100.5000,100.8200,100.4350,100.4900,1316500
1452697499,100.3900,100.7700,100.2000,100.5083,1059900
1452697799,100.5507,100.5700,100.2200,100.3900,664700
1452698099,100.0800,100.5900,100.0700,100.5600,664000
1452698341,100.1500,100.2500,100.0000,100.0900,681700
1452698640,100.3100,100.3700,100.0500,100.1500,682100
1452698999,100.2100,100.3300,100.0800,100.3100,510500
1452699240,100.0000,100.2500,99.9000,100.2100,891000
1452699540,100.0000,100.2300,99.9300,100.0000,906000
1452699899,100.1300,100.2500,99.8500,99.9900,687900
1452700140,100.0900,100.2000,100.0400,100.1310,566900
1452700499,100.1600,100.3262,100.0500,100.0900,643200
1452700740,100.2600,100.2900,100.0500,100.1800,370600
1452701099,100.1900,100.2899,100.1200,100.2550,439000
1452701340,100.1400,100.2800,100.0800,100.1800,550800
1452701640,100.5020,100.6900,100.1300,100.1500,852900
1452701940,101.1380,101.1700,100.5001,100.5102,1192300
1452702299,101.1000,101.1900,101.0000,101.1300,715100
1452702599,100.8400,101.1090,100.7700,101.1000,611500
1452702840,101.0500,101.1300,100.8300,100.8500,589500
1452703140,101.0290,101.1900,100.9700,101.0490,513300
1452703499,100.8900,101.1500,100.8800,101.0300,490500
1452703740,100.4592,100.9389,100.3100,100.8900,749300
1452704099,100.5450,100.7200,100.4600,100.4600,476300
1452704340,100.7100,100.7300,100.4600,100.5400,655000
1452704640,100.6100,100.7500,100.5800,100.7100,453700
1452704940,100.4200,100.6600,100.3600,100.6050,573300
1452705240,100.3900,100.4480,100.2600,100.4300,460400
1452705598,100.2500,100.5000,100.1500,100.4000,472900
1452705899,100.1300,100.2700,100.1100,100.2500,547500
1452706140,100.1968,100.2700,100.0800,100.1300,577300
1452706440,100.0300,100.2000,99.9100,100.2000,608700
1452706799,100.0100,100.1550,99.9800,100.0300,336000
1452707099,100.1299,100.2100,99.9400,100.0000,509900
1452707341,100.1599,100.2700,100.0400,100.1100,418600
1452707699,100.1600,100.2000,99.9800,100.1500,468500
1452707999,100.1200,100.1800,100.0000,100.1565,410200
1452708299,99.9200,100.1800,99.6800,100.1200,1133200
1452708598,99.9500,100.0000,99.7800,99.9200,511600
1452708899,100.0765,100.1600,99.9300,99.9500,691600
1452709199,99.8800,100.1100,99.8700,100.0800,342300
1452709440,99.7308,99.9300,99.6800,99.8701,404000
1452709798,99.6399,99.8200,99.5900,99.7200,348700
1452710040,99.7500,99.8300,99.6200,99.6300,395500
1452710340,99.4000,99.8100,99.3500,99.7550,588700
1452710699,99.0809,99.4500,99.0800,99.3900,865800
1452710940,98.9700,99.1400,98.8300,99.0820,790800
1452711240,98.9200,99.1500,98.8600,98.9700,453800
1452711599,98.4000,99.0600,98.2600,98.9300,877700
1452711840,98.5100,98.7780,98.2900,98.3810,806200
1452712199,98.7100,98.7100,98.3802,98.5200,565800
1452712441,98.6900,98.9100,98.5200,98.7100,531300
1452712740,98.5700,98.7400,98.3210,98.6700,664900
1452713099,98.6300,98.7300,98.3600,98.5600,574100
1452713399,98.7500,98.8180,98.4400,98.6201,504300
1452713699,97.9646,98.7400,97.8600,98.7400,1076400
1452713999,98.3600,98.4100,97.8500,97.9500,779400
1452714299,98.0511,98.3700,97.8800,98.3700,726500
1452714540,98.2700,98.3000,97.9600,98.0600,822500
1452714840,98.4380,98.6000,98.0900,98.2600,1053000
1452715199,98.1500,98.4600,98.0600,98.4100,681200
1452715499,98.2287,98.4600,98.0000,98.1600,656200
1452715799,98.1600,98.5300,98.1000,98.2240,764000
1452716040,97.8500,98.2000,97.8500,98.1600,731400
1452716399,98.3100,98.4324,97.8500,97.8600,1162800
1452716640,98.5000,98.6000,98.1300,98.3000,913400
1452716941,98.2700,98.6700,98.2300,98.4800,870400
1452717240,98.1500,98.4190,97.9550,98.2300,791000
1452717599,98.1400,98.2500,97.9701,98.1600,958700
1452717899,98.0000,98.3000,97.9600,98.1400,835000
1452718199,97.5000,98.0200,97.4901,97.9780,1231600
1452718499,97.4400,97.5700,97.3300,97.4800,1659300
1452718740,97.3700,97.6500,97.3000,97.4500,4985600
1452718800,97.3900,97.3900,97.3900,97.3900,185300
1452782040,97.1900,98.0000,97.1900,97.9337,0
1452782340,96.3900,97.3000,96.3800,97.1900,1804300
1452782640,96.7300,96.9100,95.9200,96.3900,2701800
1452782940,96.4600,96.9000,96.3400,96.7200,996700
1452783299,96.0000,96.5000,95.9500,96.4700,999000
1452783540,95.9800,96.3000,95.7600,96.0000,1221200
1452783899,96.0400,96.2230,95.7400,95.9900,1411000
1452784140,96.1200,96.2300,95.8800,96.0400,1262700
1452784440,96.4700,96.5500,95.9500,96.1100,1211800
1452784799,96.7600,96.7800,96.1700,96.4761,1185900
1452785040,97.0986,97.1600,96.6400,96.7700,1124300
1452785340,97.2100,97.2200,96.8500,97.0800,931200
1452785699,97.3851,97.5400,97.0000,97.1900,1071700
1452785999,97.1301,97.4000,97.0600,97.3860,1008400
1452786240,97.7105,97.7500,97.0400,97.1400,847500
1452786599,98.0901,98.1500,97.6500,97.6800,1241100
1452786840,98.0804,98.2700,97.9300,98.0900,900900
1452787140,97.9100,98.3200,97.8101,98.1000,1108200
1452787440,97.7700,98.1300,97.7100,97.9300,595600
1452787799,97.6900,98.0000,97.5709,97.7800,565400
1452788099,97.8732,97.9800,97.5420,97.6900,484600
1452788340,97.4250,97.9099,97.4200,97.8900,555400
1452788640,97.4600,97.5100,97.2700,97.4200,476500
1452788999,97.7600,97.8499,97.4200,97.4600,490900
1452789299,97.5300,97.8700,97.5200,97.8100,424400
1452789541,97.6100,97.7400,97.4100,97.5300,400500
1452789840,97.8900,97.8915,97.5500,97.6100,475200
1452790199,98.0100,98.1600,97.8800,97.8900,556000
1452790440,98.0762,98.1400,97.9200,98.0200,391200
1452790741,98.1699,98.3300,98.0600,98.0800,607500
1452791099,97.9699,98.3500,97.9500,98.1700,579900
1452791340,97.9700,98.1600,97.9350,97.9500,390600
1452791640,97.8820,97.9900,97.7400,97.9800,354000
1452791999,97.9780,98.0700,97.8500,97.8900,394000
1452792240,98.0900,98.1800,97.8000,97.9800,296600
1452792540,97.8900,98.0900,97.8220,98.0800,805200
1452792840,98.1400,98.1700,97.8400,97.9200,394200
1452793199,98.3300,98.3700,98.1150,98.1700,465500
1452793499,98.3700,98.5000,98.2400,98.3200,591400
1452793799,98.5609,98.5800,98.2600,98.3600,680600
1452794099,98.6450,98.6500,98.4600,98.5700,343000
1452794340,98.5300,98.7200,98.5110,98.6500,395100
1452794640,98.6940,98.7199,98.4500,98.5300,499200
1452794940,98.8500,98.8950,98.6400,98.7000,608400
1452795240,98.9200,98.9900,98.8400,98.8600,480900
1452795599,99.0800,99.1100,98.8450,98.9300,650200
1452795899,99.1000,99.3500,99.0700,99.1000,671800
1452796199,99.1893,99.2191,99.0400,99.1000,378200
1452796440,99.1100,99.2500,99.0000,99.2200,426100
1452796740,99.0870,99.2101,98.9919,99.1100,367100
1452797040,99.0200,99.1500,98.9000,99.0900,436800
1452797399,99.0900,99.1000,98.9000,99.0300,426300
1452797640,99.3800,99.3800,99.0100,99.0900,476700
1452797940,99.4719,99.5800,99.3200,99.3800,594800
1452798241,99.6200,99.6500,99.4900,99.5000,714900
1452798599,99.6099,99.8000,99.5300,99.6250,693000
1452798899,99.6700,99.6965,99.4310,99.6099,571300
1452799140,99.6000,99.8650,99.5600,99.6900,605000
1452799499,99.6200,99.7500,99.5350,99.5900,451900
1452799799,99.6800,99.6900,99.5000,99.6100,453900
1452800040,99.9200,99.9700,99.6000,99.6700,902100
1452800340,99.8700,99.9100,99.6900,99.9100,733100
1452800698,99.8191,99.9800,99.7800,99.8600,543000
1452800940,99.9100,100.0200,99.8100,99.8180,662200
1452801240,100.0500,100.1400,99.8900,99.9000,843500
1452801540,100.0500,100.1750,100.0000,100.0560,526000
1452801841,100.1550,100.1800,100.0000,100.0500,648500
1452802140,100.3000,100.4800,100.1500,100.1600,975800
1452802440,100.3200,100.4000,100.2000,100.2900,747800
1452802740,100.2800,100.4700,100.2600,100.3300,620000
1452803040,100.1700,100.3400,100.1400,100.2800,675900
1452803340,100.1050,100.2300,100.0850,100.1750,671400
1452803699,99.8100,100.1300,99.7310,100.1010,1121500
1452803999,99.6600,99.9100,99.5700,99.8100,807100
1452804240,99.5450,99.7000,99.5000,99.6600,915300
1452804599,99.4800,99.8000,99.4500,99.5500,1089200
1452804840,99.4400,99.7400,99.3500,99.4700,1173400
1452805141,99.5000,99.5500,99.3800,99.4400,5046900
1452805200,99.5200,99.5200,99.5200,99.5200,0
1452868441,96.5700,97.2500,96.0700,96.0820,0
1452868740,96.9000,97.3100,96.5000,96.5700,1332600
1452869041,96.9300,97.0600,96.5000,96.9200,1198900
1452869341,96.9800,97.3200,96.7800,96.9200,1331000
1452869640,96.9800,97.5000,96.9100,96.9800,1453500
1452869999,96.9960,97.2725,96.7300,96.9750,1108700
1452870240,97.1700,97.2400,96.7800,97.0020,1319000
1452870540,97.0200,97.3500,96.9900,97.1798,766300
1452870899,96.8000,97.1700,96.6302,97.0500,1087800
1452871140,96.9300,97.0900,96.6900,96.7900,843600
1452871499,96.9700,97.2500,96.8400,96.9200,777000
1452871799,96.8200,97.1000,96.8000,96.9700,730800
1452872040,96.7150,97.1600,96.7100,96.8235,830100
1452872340,96.7800,96.9000,96.6100,96.7000,576400
1452872699,96.5900,96.8500,96.5850,96.7800,706300
1452872940,96.6910,96.7200,96.3600,96.5900,879100
1452873240,96.2600,96.7200,96.2200,96.7000,694000
1452873599,96.0840,96.3100,96.0200,96.2690,685400
1452873840,96.0901,96.2400,95.9700,96.0720,996400
1452874199,96.0200,96.2100,96.0000,96.0999,815700
1452874499,96.0900,96.1900,95.9600,96.0105,1215300
1452874740,95.9800,96.1300,95.7800,96.0900,1165800
1452875040,96.1733,96.2900,95.9000,95.9806,1412100
1452875399,96.4500,96.4600,96.1350,96.1800,727200
1452875699,96.2600,96.5300,96.2100,96.4600,640000
1452875940,96.0500,96.3200,96.0500,96.2500,660400
1452876240,96.1100,96.2100,96.0200,96.0500,560600
1452876540,96.1060,96.4100,96.0800,96.1000,488800
1452876840,96.0570,96.1850,96.0300,96.1049,459200
1452877199,96.0500,96.1700,96.0000,96.0600,569600
1452877440,95.9500,96.0990,95.9000,96.0400,694900
1452877740,96.1900,96.2000,95.8600,95.9500,482500
1452878041,95.9800,96.2500,95.9600,96.1800,460800
1452878399,95.8600,95.9900,95.8000,95.9800,588400
1452878640,95.7500,95.9690,95.7100,95.8500,827400
1452878940,95.8200,95.8700,95.6800,95.7600,716300
1452879299,95.6200,95.8231,95.6000,95.8200,856200
1452879599,95.5250,95.6300,95.3800,95.6100,1115300
1452879899,95.8400,95.8500,95.4033,95.5175,1046100
1452880140,95.8800,96.0700,95.8100,95.8500,743800
1452880440,96.4400,96.4700,95.7800,95.8799,1421300
1452880799,96.5700,96.6600,96.3662,96.4400,959700
1452881099,96.7100,96.7458,96.4200,96.5600,961700
1452881340,96.6151,96.7300,96.5300,96.7002,886300
1452881640,97.0100,97.1500,96.6110,96.6200,1056200
1452881941,97.0450,97.1000,96.8558,97.0100,645800
1452882299,97.0101,97.1100,96.8300,97.0300,587300
1452882540,96.8570,97.2500,96.8250,97.0159,1164000
1452882840,96.8334,96.8659,96.6000,96.8401,630300
1452883140,96.8200,96.9300,96.7500,96.8300,444300
1452883440,97.3000,97.3500,96.7600,96.8101,855200
1452883740,97.1900,97.5300,97.1500,97.3100,1896200
1452884041,97.3900,97.4900,97.1500,97.1800,681300
1452884340,97.2100,97.4000,97.1500,97.3968,582600
1452884641,97.0200,97.2300,96.9800,97.2199,4850200
1452884940,97.1400,97.2500,96.9300,97.0215,690800
1452885299,97.0642,97.2500,97.0500,97.1600,409100
1452885540,97.0500,97.1100,96.9800,97.0639,474300
1452885899,96.8500,97.0600,96.7200,97.0500,609600
1452886140,96.8200,96.9800,96.7700,96.8499,1041300
1452886499,96.7735,96.9200,96.7100,96.8100,819400
1452886740,96.9400,96.9800,96.7500,96.7900,690300
1452887099,97.0499,97.2500,96.9500,96.9500,663500
1452887399,97.1000,97.1400,96.9600,97.0500,514700
1452887640,97.4100,97.4600,96.9900,97.1100,666500
1452887940,97.5200,97.5990,97.3500,97.4063,887700
1452888240,97.5700,97.5800,97.2800,97.5100,538800
1452888599,97.3900,97.7100,97.3600,97.5610,772500
1452888899,97.2335,97.4500,96.9900,97.3900,646600
1452889199,96.8900,97.2800,96.7400,97.2400,1086200
1452889499,97.1699,97.1900,96.8500,96.8900,699900
1452889740,97.2000,97.2511,97.0100,97.1800,591000
1452890040,97.1300,97.2500,96.9999,97.2000,711300
1452890341,97.0100,97.2200,97.0000,97.1060,660200
1452890699,97.0700,97.1200,96.8850,97.0050,961400
1452890999,97.1550,97.2150,97.0000,97.0800,845900
1452891299,97.1750,97.2000,97.0500,97.1600,1068400
1452891540,97.0800,97.2200,96.9800,97.1800,5416100
1452891600,97.0720,97.1300,97.0720,97.1300,0
