1451918080,466.0000,467.6400,466.0000,467.4400,22900
1451918343,464.1820,466.9900,462.9098,466.0000,186000
1451918641,462.7700,464.5300,462.5000,464.4812,75400
1451918943,465.6699,465.6799,462.5700,463.4990,52700
1451919258,466.6200,468.2400,465.0200,465.0200,34400
1451919548,464.8800,467.7200,464.8200,466.6980,37900
1451919899,463.0100,464.7700,462.3000,464.7700,34900
1451920158,461.0000,463.0250,461.0000,463.0100,34300
1451920448,462.7050,463.4800,460.3000,461.0000,33200
1451920740,462.1200,464.6800,462.1200,462.8760,24900
1451921099,463.7100,464.9900,461.4250,462.1300,39700
1451921398,463.6700,464.7900,463.0000,463.1800,19800
1451921640,461.2000,463.5600,461.0000,463.5600,20900
1451921945,459.9000,461.2800,459.5000,461.1327,36400
1451922241,458.2025,459.8300,457.7400,459.7000,47100
1451922545,458.0650,458.4050,457.1954,458.3376,26600
1451922874,457.2171,458.6300,457.1700,458.2400,19800
1451923149,454.5000,457.2925,454.5000,457.1700,55800
1451923444,453.4700,454.7480,452.5100,454.4550,43200
1451923743,450.5009,453.7799,450.2500,453.7799,30400
1451924041,450.8450,451.3948,448.0934,450.8000,70500
1451924341,450.0000,451.1450,449.4401,450.9800,76000
1451924643,449.4200,450.0181,448.6900,450.0181,21500
1451924941,449.6600,450.3900,449.0100,449.5216,42600
1451925240,450.2300,451.0000,449.1900,449.8200,46500
1451925540,449.9400,450.9900,449.5000,450.7500,51000
1451925843,450.3000,450.4600,449.5000,450.0000,25500
1451926143,450.3800,450.9400,449.6900,450.4600,30900
1451926440,450.2000,451.1800,449.2600,450.2850,30100
1451926750,449.2900,450.7300,449.2200,450.1000,16400
1451927040,448.4200,449.5610,448.1101,449.2100,39600
1451927398,450.2400,450.4100,448.4200,448.4800,27900
1451927668,449.7550,450.1792,449.3000,450.0000,11300
1451927942,449.8800,450.5400,449.3400,449.8289,8800
1451928249,449.7500,449.9750,449.0900,449.9015,7700
1451928598,450.4500,450.6000,449.0800,449.4800,39800
1451928845,449.8400,450.6700,449.7000,450.4400,40300
1451929140,450.0000,450.3500,449.0201,450.1700,41700
1451929448,449.6700,450.1600,449.3000,449.9600,22100
1451929798,449.5700,449.8000,448.6900,449.6800,28100
1451930042,450.1999,450.4500,449.1300,449.7500,42900
1451930361,449.3600,450.5700,449.3600,449.9200,13400
1451930642,450.1700,450.4800,449.3500,449.5300,54500
1451930942,449.6800,450.2275,449.3100,450.1700,23600
1451931243,449.8300,450.3500,449.4100,449.5100,46800
1451931545,450.2000,450.5299,449.7600,450.1700,32900
1451931847,449.8625,450.6700,449.7900,450.3700,20100
1451932160,450.1500,450.4400,449.8100,449.8100,9800
1451932498,449.9000,450.4400,449.6550,450.4400,26000
1451932744,450.0000,450.0900,449.3200,449.8700,11600
1451933041,450.0000,450.3320,449.5800,449.8100,24300
1451933340,450.1200,450.4000,449.6700,450.0500,13100
1451933647,449.9300,450.4050,449.8200,450.1500,12800
1451933943,450.2999,450.5000,449.7800,450.0400,19300
1451934254,450.0100,450.2799,449.8000,450.0300,15400
1451934597,449.8700,450.2500,449.6500,449.9900,13600
1451934856,449.9300,450.2200,449.6400,449.9100,10800
1451935155,449.9700,450.1500,449.7600,450.1000,23800
1451935452,448.9600,450.2000,448.7920,449.9999,33700
1451935747,448.4100,449.3000,448.2800,449.1500,20100
1451936044,448.8900,449.4150,448.5000,448.5200,20000
1451936350,448.4850,449.1900,448.1100,448.9650,18000
1451936642,448.2400,448.9299,448.1440,448.1440,19800
1451936945,448.5200,448.9100,448.3000,448.5950,20100
1451937243,448.3500,448.8500,448.2500,448.5900,19300
1451937541,449.0200,449.1800,448.4133,448.4133,15800
1451937895,449.6750,449.8100,448.8600,448.9700,17100
1451938163,449.5750,450.2200,449.5000,449.6000,18100
1451938441,449.1700,449.8000,448.9400,449.7492,35200
1451938798,449.1800,449.3000,448.7100,449.0100,28700
1451939052,447.8100,449.5000,447.5000,449.0100,36000
1451939346,449.3900,449.4900,447.6000,447.6100,23400
1451939641,448.6500,449.4500,448.0200,449.3300,33900
1451939991,448.0500,448.7950,447.8100,448.3900,21000
1451940259,449.2350,449.2350,448.0500,448.3850,31000
1451940541,448.9440,449.3300,448.1400,448.5400,34300
1451940898,448.8100,449.2300,448.5500,448.9500,58000
1451941143,448.9500,449.2000,448.8200,449.2000,145400
1451941200,448.8100,448.8100,448.8100,448.8100,68300
1452004443,450.3675,450.8900,448.5800,449.4000,0
1452004798,457.0001,459.8800,450.5900,450.5900,115700
1452005044,454.0000,457.8800,451.8700,457.4200,86500
1452005372,451.9650,454.0000,451.7500,453.6500,51200
1452005642,452.8700,453.2000,451.7500,452.0900,42700
1452005952,452.6700,453.8976,452.0100,452.9200,27800
1452006267,452.3200,452.9200,450.5100,452.2300,27500
1452006546,451.8100,452.9500,451.7300,452.2000,25400
1452006849,452.6000,452.6000,450.2645,451.9300,27600
1452007143,452.0000,452.3300,451.4500,452.1700,39900
1452007454,450.9100,452.0000,450.0000,452.0000,48800
1452007748,451.8000,452.8200,450.8400,450.8400,19400
1452008099,452.6500,452.8300,451.4500,451.4500,14600
1452008341,452.6800,453.0100,452.3200,452.6500,23800
1452008659,452.0000,452.6850,451.7300,452.6850,12400
1452008949,451.4101,452.2450,451.4100,451.8200,11100
1452009293,451.3600,452.1150,451.2500,451.5900,10900
1452009548,451.9300,452.2400,451.1800,451.4600,11200
1452009840,450.6700,452.0000,449.7900,451.3900,35600
1452010191,450.1700,451.1100,450.1200,450.8800,21900
1452010444,450.3150,450.8400,449.6575,450.5900,25100
1452010768,450.2400,450.4750,449.5600,450.3500,13000
1452011051,449.9200,450.4200,449.2239,450.0000,59500
1452011298,450.0000,450.7400,449.8200,449.9400,37400
1452011640,450.0000,450.1700,449.6000,450.1700,17000
1452011997,449.8650,450.0000,449.7500,449.8750,15100
1452012266,449.8000,450.0000,449.5154,449.8250,20500
1452012555,449.4400,450.0000,449.0400,449.8000,14500
1452012896,449.9400,450.1700,449.3000,449.5700,12200
1452013156,449.7700,450.1850,449.2100,449.8400,21800
1452013440,449.2400,449.6400,448.3200,449.4100,24600
1452013779,448.9150,449.1000,448.5000,449.1000,3600
1452014089,449.3640,449.3640,448.6200,449.1500,12300
1452014399,449.7500,450.0000,448.5170,449.0500,22300
1452014643,449.3026,450.0160,449.3026,449.7360,22900
1452014882,449.5350,449.7050,448.7300,449.7050,5400
1452015253,449.7600,450.0000,448.7400,449.1300,7200
1452015568,450.1500,450.1500,449.4250,449.7215,8600
1452015855,449.6800,450.0300,449.3800,449.9215,9000
1452016196,449.5200,449.9900,449.3600,449.7200,8600
1452016448,449.6700,449.7600,448.8800,449.5233,8600
1452016748,449.9500,449.9783,449.6650,449.6650,3500
1452017083,449.7600,449.8590,449.2100,449.7500,11700
1452017355,449.5400,449.8200,449.1700,449.7300,11000
1452017644,449.1000,449.6900,449.1000,449.5599,30200
1452017944,449.2150,449.4400,449.0000,449.2800,6600
1452018242,447.6200,449.3100,447.0000,449.2500,36500
1452018558,449.1800,449.1800,447.7000,447.8200,13500
1452018850,448.3400,449.5000,448.1400,449.3300,13100
1452019140,446.9500,448.0800,446.8000,448.0300,31100
1452019445,447.7250,447.7824,446.8100,446.9800,20000
1452019741,447.9950,448.2525,447.3900,448.2525,18100
1452020048,447.5100,448.1950,447.1100,448.0400,25000
1452020395,447.3250,447.6600,447.2000,447.4500,5900
1452020644,447.3800,447.6800,447.0100,447.2000,13300
1452020940,448.7400,448.7400,447.4200,447.5900,13900
1452021266,449.6150,450.4200,448.8550,449.0000,27200
1452021541,450.1646,450.3450,449.0001,449.6150,16400
1452021863,449.5600,450.3000,449.2500,450.3000,39200
1452022167,449.3700,450.0800,449.1900,449.3900,24800
1452022457,449.0409,449.4000,448.9200,449.4000,9900
1452022754,449.4700,449.4700,448.8110,448.9600,17100
1452023040,449.4000,449.9950,448.9400,449.6500,45200
1452023341,449.2000,449.5900,448.8550,449.1200,14800
1452023641,448.5900,449.3000,448.1300,449.3000,42100
1452023942,449.1700,449.7600,448.5100,448.6600,13600
1452024299,448.4700,449.5462,448.2500,449.5462,13400
1452024598,448.6000,448.9500,447.7000,448.4700,35400
1452024840,448.3400,448.7750,447.8900,448.7750,18800
1452025140,449.3500,449.7400,448.3500,448.3500,30400
1452025440,450.1600,450.4950,449.3000,449.4250,38300
1452025746,449.7300,450.4500,449.5500,450.1100,35000
1452026093,448.5250,449.9850,448.2500,449.6900,21300
1452026340,449.4600,449.9799,448.0000,448.3200,38500
1452026647,448.4800,449.8600,448.4600,449.3700,33200
1452026941,448.3900,449.2150,447.8500,449.1250,62100
1452027243,447.8600,448.7700,447.7100,448.0400,35200
1452027559,448.5800,448.7200,447.9300,448.1400,89200
1452027600,449.0300,449.0300,449.0300,449.0300,45800
1452090840,441.4500,443.0800,436.1100,436.5550,0
1452091141,442.4980,445.0000,440.3000,441.6300,108200
1452091441,439.4600,442.8295,437.2900,441.8600,86300
1452091741,442.0000,442.6400,439.0300,439.4500,76900
1452092044,442.5800,444.9050,441.1700,442.6500,66500
1452092346,444.4700,445.6921,441.9300,442.8900,77700
1452092642,442.8100,445.8200,442.3400,444.0000,69400
1452092999,443.9300,444.7550,442.0000,442.5150,30800
1452093244,444.3300,445.8300,442.0000,443.9854,48700
1452093549,446.9300,447.0000,442.7600,443.9700,65100
1452093899,444.6700,446.6100,444.6700,446.5860,47300
1452094140,445.0000,445.9500,443.3100,444.9100,53300
1452094441,443.9100,445.5250,443.3000,443.8900,34100
1452094798,442.4500,444.3250,441.2300,443.9100,45200
1452095050,443.3800,443.3800,442.3875,442.4800,21600
1452095344,442.7200,443.3200,441.9500,443.1700,15800
1452095648,441.1000,443.0000,440.5900,442.7818,17600
1452095946,441.4900,442.0938,441.1400,441.2950,15600
1452096240,439.2450,441.3500,438.6600,441.3000,39700
1452096557,439.1600,440.0000,438.5600,439.2800,26000
1452096899,437.8150,439.3650,437.2700,439.2700,20700
1452097146,439.1800,439.4400,437.4470,437.4470,25800
1452097441,438.3000,439.8300,437.0700,439.1250,33200
1452097745,437.6300,438.5400,437.4800,438.4692,18800
1452098096,435.2275,437.4200,434.2100,437.4200,64000
1452098340,435.3600,436.9900,434.0800,435.2175,62600
1452098640,434.6350,436.7327,434.6350,435.4400,20800
1452098941,435.2300,435.4800,434.3000,434.5600,25000
1452099240,434.4000,435.4400,433.0600,435.4400,55500
1452099546,433.0100,434.4000,433.0100,434.0950,24500
1452099840,431.3950,433.3300,431.1000,433.0000,62800
1452100144,432.0900,432.0900,431.2371,431.2658,39100
1452100440,429.3630,432.0900,428.9300,431.9250,70900
1452100789,430.5000,431.0000,429.6200,429.8400,31500
1452101040,428.9500,430.2800,428.6000,430.2800,32000
1452101341,429.3200,429.8900,428.6900,428.6900,30300
1452101699,430.0000,431.0000,428.0800,429.3400,45500
1452101942,431.9190,432.1900,429.5600,429.6200,36600
1452102243,430.3100,432.1799,430.0100,431.9100,24400
1452102544,431.7296,431.7296,430.0100,430.3900,23900
1452102871,431.2600,431.9550,430.6220,431.9550,15100
1452103145,431.0000,432.7900,430.9000,431.2600,36100
1452103441,428.4200,430.8500,428.0600,430.7750,36900
1452103741,426.0700,428.4900,424.4000,428.2500,118400
1452104042,426.3000,426.9899,423.7700,425.9950,75400
1452104344,426.5550,426.5550,424.8250,426.1400,28700
1452104641,426.9100,426.9899,425.3503,426.2100,28800
1452104948,424.6700,426.9000,424.1400,426.3100,37700
1452105252,424.1900,424.6988,423.0000,424.6988,33500
1452105545,425.6800,426.1500,424.1500,424.1900,26300
1452105899,424.3980,425.9699,424.1610,425.9200,74200
1452106147,423.8800,425.2900,423.6120,424.3300,25200
1452106450,424.5250,425.3100,423.5000,423.5000,30400
1452106799,424.0950,424.9300,424.0950,424.5500,16300
1452107040,424.6550,424.7700,423.3000,424.3600,29700
1452107340,425.0000,425.0000,423.7500,424.3100,20400
1452107647,424.8400,425.2690,424.4600,425.1650,16400
1452107975,425.0250,425.1000,424.7250,425.1000,23900
1452108253,424.8200,425.2964,424.3840,425.0250,27600
1452108598,425.9150,426.0300,424.5000,424.9700,32300
1452108899,425.3900,426.5750,425.2200,425.9000,22800
1452109158,425.4421,426.1700,425.3000,425.4400,14400
1452109441,424.8800,425.4900,424.0000,425.4900,23000
1452109799,424.9225,425.3700,424.6000,424.8800,23000
1452110097,425.8800,426.2600,424.5440,424.6900,36200
1452110345,427.4900,427.4900,425.2800,425.7000,39800
1452110656,426.6200,427.5400,426.5001,426.6200,51100
1452110958,426.8900,427.5500,426.5800,426.8400,30500
1452111243,427.9100,428.3800,426.9900,427.0704,26400
1452111540,427.2350,427.8700,426.7500,427.8600,31100
1452111840,426.1201,427.7100,426.0100,427.0201,54700
1452112145,426.5100,426.5100,425.6200,426.1201,44000
1452112453,426.1700,426.8600,425.8100,426.7600,26800
1452112748,426.5450,426.8000,425.7500,425.9290,39300
1452113046,427.4990,427.4990,425.9450,426.5450,53700
1452113351,426.9500,427.5800,426.3700,427.4900,51800
1452113642,427.9300,427.9600,426.6200,426.8900,58300
1452113958,426.8000,428.0000,426.6900,427.6600,116400
1452114000,426.6700,426.6700,426.6700,426.6700,70800
1452177241,413.9500,417.2450,411.6100,413.5700,0
1452177543,424.9500,425.0000,414.0016,414.0016,120800
1452177841,418.6000,425.0000,417.5000,424.0300,82200
1452178198,422.9600,422.9950,415.3900,418.2501,43900
1452178499,421.6700,423.0000,420.6400,422.8100,28500
1452178747,419.0500,421.7900,418.5200,421.7900,42600
1452179064,418.1000,418.8000,416.8700,418.8000,40600
1452179340,418.8600,419.9000,418.0300,418.4100,21800
1452179651,419.3800,419.6499,418.7500,418.8600,17700
1452179942,420.3000,421.4900,419.3600,419.8800,40100
1452180245,417.0101,420.4899,417.0101,420.1500,18400
1452180558,419.9500,420.2200,416.6065,416.6065,25700
1452180845,420.4200,420.6700,418.1100,419.7600,31800
1452181141,420.9800,422.4490,420.3300,420.3400,31300
1452181499,419.9990,421.0300,419.3600,421.0300,15000
1452181741,420.8900,421.5600,419.6010,419.8100,20700
1452182050,420.8020,421.3390,420.5275,420.5275,10800
1452182347,423.3500,423.3700,420.6450,420.6750,23800
1452182679,423.5700,424.5800,422.7500,423.2571,31100
1452182956,423.9000,424.2500,423.0500,424.1600,17500
1452183272,422.6100,423.8500,422.2340,423.6300,9800
1452183541,422.9800,422.9800,421.9500,422.3600,8700
1452183845,421.8550,423.3805,421.1550,422.9700,13900
1452184144,422.0700,422.2000,421.4600,421.8600,9800
1452184456,422.4600,422.9500,421.6600,421.7000,9000
1452184758,421.8600,422.2548,421.4800,422.1900,9800
1452185045,420.8000,421.7600,420.4700,421.7600,9300
1452185383,420.4600,420.8600,419.6200,420.7500,21400
1452185643,420.0100,420.6400,419.7000,420.2700,12400
1452185944,420.8100,421.1000,419.4950,420.1350,18100
1452186201,420.3800,420.7000,419.9000,419.9000,3900
1452186544,420.0400,420.3800,419.8100,419.8710,8100
1452186841,420.5000,420.5000,419.8400,419.9700,9800
1452187154,420.6800,421.0600,420.1890,420.1890,9900
1452187448,420.8010,421.4700,420.5600,420.6800,8500
1452187754,421.2300,421.2899,420.8500,421.1200,4700
1452188099,421.4700,421.6625,420.8770,421.0200,7100
1452188368,420.5200,421.3600,420.1100,421.3375,7700
1452188678,420.6420,420.7249,420.3900,420.5500,2800
1452188946,421.5475,421.7600,420.5750,420.6600,6700
1452189274,420.3000,421.6100,420.3000,421.6100,8700
1452189560,420.1115,420.7700,419.6900,420.4100,15900
1452189848,420.4900,420.6100,419.6401,419.6401,4400
1452190170,419.2700,420.6700,419.1601,420.4150,9500
1452190441,417.9800,419.2566,417.5110,419.2000,17300
1452190741,418.1700,418.7800,417.5201,417.5900,9700
1452191043,417.6869,418.2900,417.3800,418.1600,9700
1452191363,417.1500,418.0900,417.1300,417.9700,11000
1452191664,416.6800,417.5300,416.3700,417.3400,15700
1452191947,415.3000,417.0200,415.1900,416.5400,44700
1452192248,416.3600,416.3600,415.0000,415.2900,19200
1452192580,416.9900,417.0300,416.4000,416.4300,16600
1452192897,418.5359,419.1066,417.1700,417.1700,17700
1452193162,417.4200,419.2200,417.2100,418.1200,19600
1452193443,416.3501,417.8599,416.3189,417.4300,12100
1452193763,416.5900,417.1100,416.2100,416.5100,13700
1452194077,415.5300,416.8000,415.4200,416.5100,9800
1452194388,415.9300,416.0400,415.4000,415.7700,11900
1452194584,415.8400,416.4240,415.3900,415.9880,8700
1452194993,416.0700,416.7300,415.6300,415.6300,11400
1452195264,415.0100,416.3000,415.0100,416.0100,12300
1452195551,416.0000,416.1899,415.0400,415.2450,28800
1452195892,417.7950,417.9400,415.9600,416.0971,16000
1452196198,417.9200,418.3106,417.0800,417.8500,26300
1452196441,418.1800,418.2023,417.5100,417.9300,21500
1452196754,417.8500,418.2100,417.5600,418.1800,16500
1452197051,417.1400,417.8000,417.0700,417.6000,21700
1452197357,417.4559,417.6000,417.1000,417.1000,18700
1452197655,417.5250,417.9900,417.3690,417.5500,13500
1452197940,416.4100,417.7900,416.3600,417.4486,16900
1452198242,415.0200,416.2000,415.0000,416.2000,25700
1452198549,414.6150,415.3700,414.3510,415.2100,31000
1452198896,414.9400,415.1250,414.3100,414.4500,33900
1452199152,414.9450,415.4800,414.6000,415.1475,37900
1452199495,414.9700,415.2900,414.9700,415.1800,23500
1452199797,416.7100,416.9800,414.9195,414.9200,34200
1452200046,417.3530,417.3530,416.6500,416.7850,61500
1452200397,416.0300,417.8365,416.0300,417.3000,78600
1452200400,416.0000,416.0000,416.0000,416.0000,91800
1452263648,423.1623,424.8000,419.4100,419.7700,0
1452263942,421.5180,425.4700,421.5180,424.5000,28500
1452264248,421.0800,422.0000,420.3000,422.0000,21200
1452264548,421.0800,422.0800,420.6800,421.0250,15900
1452264847,418.8650,420.9585,418.5000,420.8200,19000
1452265140,420.2500,420.7300,419.1200,419.1900,14900
1452265458,419.4325,420.4550,418.2500,420.0750,14200
1452265744,417.0000,419.3100,416.6525,418.9939,20400
1452266079,417.9200,418.2757,416.4600,416.5900,8500
1452266351,416.3300,417.5200,416.3300,417.4100,16100
1452266693,415.7222,416.8739,415.7000,416.7400,17700
1452266955,416.8200,417.4100,415.5000,416.0400,16700
1452267252,414.1500,417.3600,413.8700,417.1480,34400
1452267549,414.4800,414.9100,413.0300,414.0200,22500
1452267894,412.0300,414.2700,411.7400,414.2550,22600
1452268169,414.7300,414.9400,411.8600,412.2500,19200
1452268449,417.1400,417.1400,414.3000,414.4300,23200
1452268752,417.5000,417.5800,415.5000,416.7300,21200
1452269047,414.5800,417.4700,414.5800,417.3600,19100
1452269367,415.4200,416.0200,414.6400,414.6400,6600
1452269648,415.0700,415.3950,413.6800,415.3950,12100
1452269963,415.0600,415.4400,414.4800,415.1400,6900
1452270240,414.1000,415.0400,413.5000,415.0400,15600
1452270542,414.2000,414.4900,413.5010,414.1100,24200
1452270881,414.0600,415.0800,413.3700,415.0800,11300
1452271175,414.5000,414.5000,413.3113,413.6600,7400
1452271449,415.6300,415.6300,414.1433,414.5500,12900
1452271741,415.5800,415.9599,415.1400,415.6300,8500
1452272044,416.8550,417.0770,415.1500,415.5900,12100
1452272351,416.5400,417.2000,415.8410,417.2000,12600
1452272669,416.3800,418.6700,416.2000,416.5490,12500
1452272941,417.8650,418.3700,416.3800,416.3800,13200
1452273253,417.9600,418.5000,417.5905,417.9400,9500
1452273550,418.9400,419.3299,418.1100,418.6384,8600
1452273841,420.1899,420.8000,418.6000,418.8800,35500
1452274147,419.6900,420.4400,419.1600,419.8100,9800
1452274322,418.8486,419.8520,418.7000,419.8520,7300
1452274753,417.8000,418.7400,417.5100,418.5500,8000
1452275045,418.1300,418.3250,417.5100,417.9280,5800
1452275342,418.4300,418.7800,417.9201,417.9201,5500
1452275668,418.0100,418.4000,417.7000,418.4000,5100
1452275948,417.5400,418.6900,417.0500,418.1500,17800
1452276270,417.0000,418.1400,416.9500,417.4100,7800
1452276546,415.9900,416.9110,415.5000,416.9110,11000
1452276861,415.8900,416.3400,415.2000,415.9000,8200
1452277177,416.3938,416.4900,415.5100,415.7000,4000
1452277461,415.6200,417.0100,415.6200,416.4500,4400
1452277743,416.1900,416.1900,415.6200,416.0999,6500
1452278041,416.5400,416.7700,415.8400,416.0200,4100
1452278368,417.0500,417.2522,416.5400,416.5400,7400
1452278629,416.7300,417.3700,416.5787,417.2300,5100
1452278962,415.5300,416.3500,415.5300,416.3200,3500
1452279298,416.0400,416.1000,415.8700,415.8900,5400
1452279553,415.7800,416.2778,415.4200,416.2778,4900
1452279846,416.4732,416.5500,415.3660,415.3660,6300
1452280162,416.3900,416.7452,416.3200,416.3900,5800
1452280487,416.5870,416.5870,415.8900,416.3350,4200
1452280755,415.9300,416.3400,415.6901,416.1200,6200
1452281054,415.8400,416.3900,415.8400,416.2790,4400
1452281376,415.7652,415.8700,415.4300,415.7000,5400
1452281653,415.1600,416.4000,415.1600,415.4400,17700
1452281977,415.2600,415.8500,415.1000,415.5100,9600
1452282246,415.4500,415.7000,414.6000,414.9500,21100
1452282557,415.2100,415.8000,414.8000,415.6000,17800
1452282860,415.3000,415.8900,415.0000,415.4900,20700
1452283160,414.7900,415.4864,414.0000,415.4864,21400
1452283446,415.3100,415.7900,414.0500,414.8000,26700
1452283765,415.5900,415.9425,415.1400,415.1400,12200
1452284060,415.3401,415.9790,414.7001,415.7600,17400
1452284395,415.2200,415.8800,415.1000,415.6000,14800
1452284692,415.1500,415.4500,414.8800,415.1000,32600
1452284880,415.9300,415.9700,414.8900,415.3700,26400
1452285259,414.9890,415.2960,414.2840,415.1500,16400
1452285598,415.5900,415.7600,414.5000,414.7470,16100
1452285885,415.0900,415.7900,414.7700,415.2500,31100
1452286142,413.7700,414.6600,413.5850,414.4700,25200
1452286451,413.5100,414.4000,413.5100,413.5800,25000
1452286751,412.7100,413.6700,412.2500,413.4400,69100
1452286800,413.2900,413.2900,413.2900,413.2900,67000
1452522842,417.7200,417.9600,417.5000,417.5140,0
1452523151,415.0000,419.2700,415.0000,419.0850,20600
1452523440,411.7700,415.2500,411.1100,415.2500,34800
1452523742,407.5900,412.4600,407.1300,412.1528,53800
1452524041,409.8400,411.7400,407.6000,407.6100,63400
1452524346,409.1600,410.9900,409.1400,409.6200,21700
1452524646,409.5600,410.6000,408.7500,408.8600,13300
1452524962,412.0700,412.4400,409.5500,409.7500,43100
1452525241,412.3300,414.3786,411.6837,412.9300,19300
1452525555,410.9900,412.3300,410.3600,412.0700,11700
1452525846,412.7100,413.0000,411.0300,411.0300,9800
1452526140,412.5000,413.2000,411.8500,412.6150,12600
1452526455,412.9700,413.0500,411.7100,412.1300,17700
1452526799,412.6000,413.4450,412.3775,412.8750,22600
1452527053,412.5150,413.1400,411.9500,412.6800,14600
1452527342,411.0000,412.3800,410.7800,412.3800,35900
1452527642,409.3550,411.4300,409.3550,411.2000,21700
1452527945,409.0100,409.9590,408.7700,409.1100,11300
1452528283,409.2600,409.7107,408.3980,409.2000,17400
1452528568,408.6100,409.0990,408.2000,408.9300,17000
1452528872,409.4400,409.8600,409.0000,409.0000,7500
1452529142,410.8275,410.9199,409.6100,409.7200,45000
1452529440,409.4117,410.7080,409.0934,410.6000,16200
1452529749,407.9700,409.3900,407.3100,409.3900,27200
1452530044,407.3500,408.3950,407.3200,407.6600,94000
1452530372,408.0599,408.0800,406.3500,407.1000,16600
1452530643,408.3000,409.4180,408.2600,408.2600,6900
1452530941,408.4020,408.9100,408.2200,408.2300,11500
1452531244,410.5000,410.9400,408.6400,408.9085,38500
1452531549,409.6800,411.2500,409.6800,410.8800,11800
1452531868,410.4100,410.5200,409.3900,409.7750,7300
1452532197,410.4900,410.7600,410.4400,410.5400,3500
1452532392,410.3600,411.0000,410.3600,410.5216,6500
1452532748,410.9026,411.1136,409.4100,410.2100,14500
1452533090,410.5101,411.4000,409.5400,410.6000,9600
1452533359,410.4400,411.1799,410.0000,410.6600,28600
1452533580,410.4300,411.0500,410.1800,410.4084,3700
1452533872,410.5800,410.7500,410.5800,410.6343,1700
1452534296,410.1620,410.8994,409.5600,410.5100,8500
1452534558,410.8900,411.0785,410.0300,410.0300,4600
1452534858,410.2100,411.2200,410.1500,410.8400,6500
1452535141,410.2100,410.9500,409.9000,410.0400,16700
1452535441,410.6200,410.8500,410.1900,410.3400,5600
1452535687,410.9663,411.1500,410.5400,410.6300,3400
1452536048,410.0300,410.8000,409.6000,410.7200,6200
1452536376,410.4900,410.5500,409.7001,410.2000,8600
1452536667,410.8300,410.9700,410.0300,410.0300,1600
1452536983,410.2575,410.8000,410.1900,410.8000,3800
1452537292,410.0000,410.4000,409.7000,410.1100,7600
1452537541,408.7900,409.9900,408.7200,409.9900,5600
1452537898,408.8500,409.2800,408.0700,409.2700,4500
1452538163,407.6897,408.9600,407.5600,408.9600,13700
1452538444,407.8600,407.8700,407.3200,407.4500,6100
1452538740,408.4300,408.7200,408.3405,408.6700,6800
1452539054,409.3000,409.3000,407.9800,408.2850,6100
1452539341,409.0825,409.5000,408.8500,409.0260,18600
1452539694,409.2300,409.9900,408.7000,409.6860,11800
1452539950,409.5000,409.7810,408.5000,409.0359,20100
1452540242,409.8100,409.8100,408.5000,409.5300,8100
1452540546,410.0350,410.5835,409.6200,409.9240,14700
1452540850,409.6700,410.1112,409.2000,410.0900,3300
1452541140,409.9400,410.0999,408.6700,409.7000,11200
1452541440,409.8600,410.5600,409.0800,410.0000,33600
1452541740,409.5900,409.9700,409.3000,409.7350,18100
1452542055,409.4000,409.9400,408.8900,409.4500,16500
1452542361,409.4400,409.5000,408.0000,409.4900,18800
1452542699,409.4800,409.5000,408.9700,409.1200,13500
1452542952,408.9500,409.4700,408.5100,409.4700,12700
1452543240,409.0000,409.0000,408.2500,408.8650,7900
1452543540,408.6200,409.2500,408.5000,409.0000,13400
1452543842,409.0500,409.1900,408.2250,408.6950,23700
1452544198,409.6720,409.8600,409.1900,409.3900,25400
1452544445,410.6800,410.9500,409.3800,409.7250,30300
1452544745,411.2350,411.7500,410.4500,410.7699,30900
1452545095,413.3700,413.3790,411.1700,411.8450,16500
1452545355,411.4200,413.0400,410.7167,413.0400,30500
1452545673,412.4999,412.5100,411.7200,412.4800,20900
1452545945,410.9200,412.2200,410.9200,412.2200,45100
1452546000,411.1000,411.1000,411.1000,411.1000,43400
1452609256,415.7200,416.5000,415.0065,416.0550,0
1452609546,418.6300,419.3100,415.2400,415.5000,23800
1452609860,419.9188,420.0000,418.6300,418.6300,33300
1452610142,419.0350,420.7889,418.7700,420.0699,29900
1452610484,418.3000,420.2400,418.2300,419.0200,16900
1452610741,418.8840,419.6800,418.2500,418.5800,22000
1452611048,418.1300,419.4800,418.0000,418.3300,20700
1452611357,415.8300,417.9791,415.8300,417.9791,18600
1452611650,417.7500,418.0000,415.7800,415.7800,18600
1452611975,417.7150,418.0000,416.5600,417.3766,15900
1452612299,416.8500,417.7900,416.5000,417.5000,11300
1452612548,417.0800,417.6700,416.6300,417.0000,10600
1452612849,418.0501,418.4900,416.5300,416.5300,19600
1452613140,418.7900,419.4900,418.3300,418.3400,35200
1452613447,418.0000,418.5100,417.5920,418.5100,7400
1452613746,417.6500,418.1500,417.1100,418.1500,7500
1452614050,417.7733,418.2400,417.1110,417.6400,12200
1452614399,417.9900,418.3200,417.6900,418.0000,7500
1452614662,417.2775,418.3000,417.0700,417.9900,17700
1452614944,415.3507,417.0500,414.8400,417.0500,31700
1452615261,414.8900,415.6000,414.6160,415.2700,13400
1452615566,415.1300,415.5000,414.6900,414.8900,12100
1452615899,414.6900,415.4400,414.0800,415.1400,46100
1452616143,414.9600,415.2599,414.6900,414.6900,12100
1452616445,414.2200,415.2600,414.2200,414.9100,6900
1452616770,414.0100,414.2700,413.3000,414.0000,5600
1452617057,414.4700,414.7636,413.9600,413.9600,43000
1452617315,415.0850,415.3000,413.7900,414.4700,8600
1452617665,414.0051,415.3800,414.0051,415.1900,7200
1452617995,414.6700,414.9485,414.3760,414.3760,4600
1452618269,414.6900,414.9000,414.1000,414.8000,10800
1452618541,414.2978,415.1590,414.2978,414.7560,3400
1452618851,413.8900,414.5719,413.8900,414.5719,3000
1452619140,414.4800,414.6200,413.5000,413.9160,11700
1452619462,414.7400,414.7400,413.9500,414.2550,8700
1452619743,414.2700,414.9100,414.2100,414.3900,10900
1452619988,414.4600,415.0900,414.3900,414.6300,7800
1452620340,412.8600,413.9200,412.8300,413.9200,4100
1452620651,411.5200,412.6800,411.1814,412.6800,13300
1452620896,411.3300,412.3889,410.8100,411.2000,9800
1452621296,411.1600,411.6900,411.1000,411.6200,7300
1452621548,409.8265,411.3240,409.1500,411.3240,14300
1452621897,409.6700,410.1800,409.5400,409.9200,11500
1452622186,409.7499,410.4700,409.6164,410.2900,29200
1452622458,410.0300,410.1900,409.6201,409.8200,6800
1452622779,409.9160,410.0300,409.1600,410.0300,10100
1452623040,408.5800,409.6525,408.5800,409.6525,8500
1452623359,407.3200,408.7800,407.0600,408.5100,14200
1452623646,405.2800,407.8000,405.2700,407.2500,53900
1452623969,404.5495,406.0000,404.1200,405.5400,39100
1452624242,405.3000,405.8000,404.4800,404.6100,16600
1452624548,405.9900,406.5900,405.2900,405.3200,19100
1452624846,404.6200,406.0600,404.5911,406.0100,11700
1452625141,402.2600,404.6460,402.1011,404.5900,36200
1452625443,400.4000,402.8500,400.4000,402.6000,69200
1452625741,400.7600,400.8600,399.1404,400.4000,59500
1452626040,401.4200,402.0000,400.3200,400.7700,11800
1452626358,400.6900,401.3400,400.0800,401.3400,15400
1452626692,402.3469,402.4200,400.0200,400.1400,12700
1452626949,403.7800,404.1500,402.4600,402.4700,24300
1452627240,405.2850,405.6999,403.4806,403.7100,37300
1452627540,405.0000,405.3741,404.7700,404.8700,18000
1452627897,403.9899,405.0300,403.0110,405.0300,14200
1452628140,404.2500,404.6500,403.4000,403.4000,15500
1452628440,404.2000,404.6489,403.6900,404.2601,41300
1452628796,402.2450,404.4350,402.0000,404.4350,22100
1452629042,401.0700,402.3343,400.4600,402.3343,23600
1452629345,401.3700,401.9900,400.7000,400.9150,19800
1452629657,401.1400,401.8400,400.5105,401.3250,30800
1452629947,402.2300,402.6200,401.0980,401.0980,19200
1452630254,404.0000,404.5000,402.2020,402.2020,34000
1452630543,403.9900,404.4999,403.3086,403.8300,22600
1452630845,403.5899,404.0000,402.8300,403.7300,14400
1452631194,404.6100,404.9500,403.2100,403.2100,15900
1452631487,404.7300,405.1200,403.7700,404.5800,23200
1452631792,405.7500,405.7600,403.7200,404.3200,22000
1452632044,404.9200,405.7400,404.7000,405.4100,30400
1452632341,404.9400,405.5900,404.6000,404.9200,69400
1452632400,404.2600,404.2600,404.2600,404.2600,67100
1452695527,407.0600,407.0600,407.0600,407.0600,0
1452695941,414.9900,416.0700,408.2500,408.2500,85600
1452696244,416.4500,418.4600,412.5600,414.9800,86200
1452696541,413.9900,416.5000,412.7500,416.5000,52500
1452696846,415.2100,417.6200,413.9400,414.5650,51700
1452697140,414.3800,416.8100,413.8160,413.8160,21900
1452697452,416.2600,416.4600,413.1800,414.7800,38700
1452697740,416.2385,416.4200,414.5100,416.2800,24700
1452698045,416.0000,417.5900,415.3071,416.4800,39400
1452698344,417.7150,418.5000,416.1664,416.1664,28200
1452698699,419.9800,420.7400,417.9200,418.0000,50700
1452698998,423.2699,423.8700,419.0650,419.9600,65600
1452699249,422.1450,423.2000,420.7300,422.5200,56000
1452699542,422.7266,425.6000,422.2400,422.2400,86200
1452699840,425.5000,426.1200,422.1800,423.1800,51800
1452700141,428.2500,429.0000,425.1300,425.5000,88600
1452700440,429.8000,430.5200,427.8400,428.3000,131200
1452700740,428.8440,429.7500,426.8200,429.4000,68500
1452701040,428.8100,429.7500,427.3000,429.3500,60600
1452701356,428.6100,429.5700,428.4450,428.8100,40500
1452701663,427.1800,428.5200,426.4436,428.4100,58900
1452701940,429.9800,430.3000,426.8180,427.0000,78600
1452702297,430.3500,432.2800,429.1700,430.0200,64800
1452702541,427.5000,430.3900,427.0000,430.3900,52400
1452702899,428.0000,429.3000,427.4900,427.6650,28100
1452703143,426.4000,429.1600,425.7100,427.6201,47100
1452703497,426.6400,426.8000,425.6801,426.7900,42000
1452703799,427.9500,428.0265,426.6300,426.6400,45000
1452704052,429.5300,429.9800,427.7401,427.9500,32000
1452704354,429.0750,429.7500,427.6000,429.1600,21700
1452704642,429.5250,430.5000,428.5291,429.0701,47900
1452704956,429.8200,429.9800,428.0800,428.9800,13200
1452705245,429.0000,429.9900,428.1300,428.9100,27400
1452705540,429.2700,429.7000,428.0800,428.7000,49800
1452705848,429.9400,430.0000,428.8400,429.2500,23200
1452706140,430.3500,431.4300,429.6100,429.6100,47300
1452706456,429.7800,430.9000,428.5800,430.3100,22400
1452706746,429.0700,430.4400,428.8535,430.0000,9600
1452707041,427.9500,428.7770,427.7001,428.6550,30200
1452707398,427.0400,428.3000,426.6700,427.9300,35100
1452707641,425.5320,427.0700,425.0100,427.0700,32500
1452707988,426.5000,427.5050,425.6000,425.7900,15800
1452708240,428.2700,428.2900,426.2300,426.5100,27100
1452708596,428.1250,429.0100,427.8008,428.2300,41100
1452708841,429.3300,429.4900,427.6800,427.9300,26600
1452709145,429.5800,430.5000,429.1000,429.6400,24600
1452709476,430.6258,430.9100,429.4479,429.5600,20600
1452709740,429.6500,430.6400,429.3900,430.3900,21500
1452710053,428.4700,429.9600,428.4700,429.3650,27500
1452710341,426.2894,429.9399,426.2894,428.9300,78000
1452710699,426.6000,427.9800,426.5000,426.7100,27500
1452710999,427.6440,428.3900,425.9900,426.6100,53100
1452711255,430.4800,430.8500,427.7100,428.3900,56900
1452711547,429.4100,431.0000,429.4100,430.7800,47900
1452711872,428.7500,429.8550,427.8400,429.4100,43800
1452712192,428.2300,429.3500,427.2400,429.0000,33700
1452712498,428.8500,429.3500,428.0200,428.3900,35500
1452712755,428.8350,429.3300,428.4650,429.0000,25800
1452713071,428.6495,429.0750,428.0200,428.8400,10100
1452713340,428.3900,428.9400,427.5100,428.4100,24100
1452713654,427.8700,428.7000,427.3200,428.1900,28000
1452713947,428.4616,429.0000,426.0001,426.4900,36300
1452714259,427.7100,428.4900,427.3100,428.0700,28400
1452714552,427.2500,428.9500,426.8700,427.9300,33600
1452714840,425.3550,427.9500,425.0390,427.1700,63100
1452715198,424.6800,425.6800,424.0310,424.4510,41600
1452715498,424.3600,425.4700,423.0000,424.9360,38700
1452715742,427.3100,427.6150,423.8800,424.0600,58400
1452716055,425.7495,427.4000,424.7300,427.2800,47300
1452716342,425.1300,427.0600,425.0200,426.1700,51700
1452716698,427.1200,427.1400,424.6900,425.1950,39200
1452716940,426.3800,427.0900,425.0950,426.9380,64200
1452717243,428.3200,428.3200,426.6400,427.0000,44400
1452717598,428.7200,428.8300,427.3500,428.4900,43300
1452717848,428.6500,429.3500,427.9900,428.8300,55200
1452718198,427.6300,428.9500,427.3400,428.7900,54400
1452718498,427.8700,428.2200,426.5200,427.5000,63300
1452718768,428.3199,428.8100,427.0800,427.7800,125000
1452718800,428.2800,428.2800,428.2800,428.2800,48200
1452782040,446.0000,452.5000,441.5200,446.3800,0
1452782341,444.8900,449.4800,444.0900,446.1800,106900
1452782640,449.4900,451.2300,442.2700,445.6200,116300
1452782999,444.5000,450.4000,444.0100,450.2891,66800
1452783242,442.5600,444.6650,440.6400,444.5000,95600
1452783569,438.0000,442.4000,437.0310,442.4000,65200
1452783856,438.3500,439.7955,436.5000,438.5000,50100
1452784141,439.3200,440.1900,437.5501,438.9499,64500
1452784442,441.7623,442.8800,439.0000,439.0001,47100
1452784755,444.0901,445.0000,440.1100,441.7000,58800
1452785044,445.7600,446.7000,444.5700,444.5700,84200
1452785352,443.1400,445.4980,440.0000,445.4980,43900
1452785647,446.2300,446.2300,442.8100,443.2600,40900
1452785940,445.0100,447.3700,445.0000,446.4950,36600
1452786241,444.0300,445.6700,442.6600,445.3300,32800
1452786541,445.0000,445.3700,443.5500,444.0500,29900
1452786846,444.1700,445.9100,443.8500,445.0300,28500
1452787144,442.3000,444.9700,441.2000,444.1700,35600
1452787443,440.3800,442.9700,440.3800,442.2880,16600
1452787799,439.9550,440.8180,439.5000,440.8180,36600
1452788043,440.9600,440.9700,439.7250,440.1900,29000
1452788368,440.2700,442.5600,440.2200,440.6100,19000
1452788697,438.0000,440.4900,437.6303,440.4000,36800
1452788945,439.6100,439.6100,437.6800,437.7200,22400
1452789243,440.9000,441.3400,439.8300,439.8300,26200
1452789540,440.9400,441.6500,440.0000,440.6500,20100
1452789841,442.2800,442.7000,440.3731,440.6650,24600
1452790144,444.2400,444.5000,442.1800,442.7800,20800
1452790444,445.5950,445.9900,444.0900,444.2300,28400
1452790745,445.9950,446.0000,444.7900,445.7575,22700
1452791040,448.9400,450.0000,446.7200,446.7200,60500
1452791399,448.7650,449.5750,448.3100,449.0570,19400
1452791698,449.0100,449.3800,447.9200,448.7650,26400
1452791952,450.0100,450.5000,448.5610,449.3999,30600
1452792260,450.0300,450.9100,449.4301,450.6500,35400
1452792553,449.6100,450.0800,448.3900,450.0000,22900
1452792893,451.6010,451.9500,449.5900,449.8500,42100
1452793199,451.7200,452.5000,451.4000,451.6700,39700
1452793441,453.7600,454.2199,451.6768,451.7300,69700
1452793743,455.6763,455.8400,453.0000,454.0300,45500
1452794040,456.2600,456.2700,454.5800,455.4500,50700
1452794340,455.6200,456.8900,455.5000,456.5700,39700
1452794640,455.8600,456.9700,455.2500,455.7800,49900
1452794941,457.6080,457.9000,455.5101,456.1300,42300
1452795241,460.2100,460.6900,457.5900,457.9099,68400
1452795540,461.1200,461.3400,460.0000,460.4055,53000
1452795841,462.5900,463.5100,460.4865,461.0900,57100
1452796140,459.0170,463.4290,457.0000,462.5900,63900
1452796499,459.4000,460.7000,458.6701,459.0800,45700
1452796746,456.9384,460.0305,456.6552,459.4600,19500
1452797096,456.4600,457.9000,456.2500,457.0300,42100
1452797341,455.2500,456.7999,454.0000,456.6600,32800
1452797699,454.5500,455.6800,454.0400,455.3500,33800
1452797999,456.1158,456.5000,454.3400,454.6850,32400
1452798241,454.6490,457.4648,453.2900,455.8490,47200
1452798542,454.3691,456.5000,454.0500,454.8500,22200
1452798897,453.3000,455.0600,452.4200,454.8500,36200
1452799140,454.5900,454.7700,452.8500,453.0000,37500
1452799447,453.7200,454.4100,452.9000,453.8900,26400
1452799799,453.5950,453.9800,453.0200,453.6300,48400
1452800042,456.9800,457.4200,453.4000,453.4300,53400
1452800391,455.9950,457.5000,455.1500,457.3900,33000
1452800655,454.5800,456.9700,454.2200,456.2400,30200
1452800940,455.9600,456.2800,454.4560,454.9200,30900
1452801260,458.0000,458.0000,455.8000,455.8800,33900
1452801540,458.1301,459.8070,457.7698,458.0000,30100
1452801840,457.8000,459.1900,457.1771,458.4380,43300
1452802160,457.8500,458.4900,457.1800,457.6376,26900
1452802443,457.7000,458.1100,457.0900,457.4600,37100
1452802758,455.9900,458.6400,455.2300,457.7000,50500
1452803093,455.0450,456.9900,454.0100,456.1000,48100
1452803340,452.0400,455.3300,452.0100,454.9900,54500
1452803640,451.8126,454.7500,451.8126,452.0300,46800
1452803948,453.5670,454.2100,452.1300,452.1300,46500
1452804245,454.2400,454.9500,453.4000,453.6700,42200
1452804540,454.6550,455.9300,454.3300,454.9900,53000
1452804856,453.9800,454.8800,453.6400,454.6600,57400
1452805145,454.5900,455.1400,453.8500,453.9900,88100
1452805200,454.3000,454.3000,454.3000,454.3000,80300
1452868455,445.3100,446.4799,442.5000,442.5000,0
1452868741,448.0825,449.9200,444.6300,446.0100,71500
1452869050,448.2950,448.8300,446.1001,448.6200,39000
1452869342,450.8000,451.7300,447.5600,448.2600,55400
1452869642,450.2000,451.3200,448.7800,451.3200,32000
1452869964,449.5325,450.9200,449.1100,450.4000,21300
1452870242,451.0800,451.0800,449.1100,449.5572,26600
1452870540,454.2500,455.6602,451.0788,451.0788,54600
1452870844,454.0000,455.5000,452.7073,454.3713,49600
1452871146,458.1493,458.4712,453.6800,453.8500,38300
1452871440,459.9999,460.5900,457.5900,458.4800,56300
1452871745,459.5950,461.0000,458.0100,459.3210,65400
1452872046,457.1000,459.7900,457.0010,458.5700,36000
1452872345,457.3500,458.4100,456.5600,457.0000,19900
1452872643,456.3600,457.5500,455.5000,457.1400,42700
1452872946,457.0600,458.3600,455.7030,456.0450,35300
1452873242,454.8200,457.5100,454.5500,457.5100,24500
1452873540,455.0500,455.6700,454.5900,454.8600,39000
1452873841,456.0000,456.4300,454.7800,455.0250,27700
1452874149,456.4800,456.5700,454.2200,455.7800,38500
1452874446,456.9600,457.1400,456.0400,456.4800,17400
1452874746,457.1500,457.9399,456.0300,456.7800,25000
1452875049,459.8535,460.3700,456.8700,457.2900,43800
1452875343,462.4800,462.5775,459.9500,460.3600,54100
1452875647,463.7600,464.3300,461.9800,462.4600,44800
1452875940,463.2500,464.3000,462.0000,464.0600,31700
1452876240,462.5300,463.0682,461.8000,462.9900,33200
1452876545,462.6000,463.9300,462.6000,462.9628,24000
1452876843,460.2400,463.0400,460.2400,462.7200,29000
1452877193,460.0700,460.8500,458.9200,460.6500,50000
1452877445,461.0600,461.6500,459.5000,460.3000,36500
1452877747,461.1610,461.3000,460.2400,461.2999,19200
1452878045,463.4200,463.9900,461.6600,461.6600,39000
1452878340,462.3700,463.9200,462.3100,463.6700,29000
1452878642,460.6450,462.7770,460.2600,462.7770,22600
1452878946,460.3200,460.9300,459.2800,460.3700,41400
1452879296,458.5700,460.5800,458.2000,460.2700,37700
1452879542,459.0500,459.2000,458.0600,458.2100,21800
1452879849,460.8941,461.0300,458.2700,458.9000,24400
1452880146,463.5400,463.8700,460.7300,460.7300,24700
1452880450,463.4000,463.6800,461.6763,463.6700,24800
1452880749,461.8924,463.4700,461.8900,463.3220,24400
1452881049,462.2050,462.4100,461.2250,462.1500,17100
1452881341,461.0000,462.6700,460.4775,461.9379,28300
1452881649,461.7483,462.3500,461.0100,461.4700,14100
1452881942,463.1600,463.4400,461.0000,461.8800,34400
1452882241,465.1160,465.4700,463.4000,463.4699,60300
1452882544,464.7968,465.9800,464.2401,465.3900,32400
1452882845,465.6878,465.8600,463.9500,464.5800,25700
1452883141,466.5044,466.9900,465.2600,465.6822,45600
1452883441,468.4480,468.7700,466.2200,466.2200,51400
1452883740,468.9500,469.1799,468.1801,468.7800,29000
1452884040,467.4600,468.5100,467.3150,468.5100,32500
1452884399,467.1499,467.7999,466.0000,467.7999,25900
1452884645,468.0100,468.1700,466.5101,466.9000,20100
1452884998,467.4000,468.0150,467.0000,468.0100,24500
1452885240,468.0100,468.8700,467.1000,467.1000,36100
1452885599,468.1000,468.5000,466.4900,468.3200,67100
1452885846,467.5400,468.2500,466.8700,468.1000,40600
1452886140,467.6300,468.2700,466.5000,467.4800,43600
1452886440,469.1050,469.3100,467.2187,467.6460,28100
1452886786,469.0400,469.2800,468.4900,469.2700,18800
1452887044,469.0000,469.5700,468.4000,469.1100,28100
1452887342,469.6600,469.9900,468.6200,469.0000,22000
1452887640,472.5000,473.0900,469.4001,469.6500,66500
1452887940,475.2800,475.3600,472.4600,472.9100,65400
1452888240,475.0800,476.1460,473.2900,475.3500,68900
1452888544,473.5100,474.8750,473.5100,474.7300,48300
1452888840,474.0100,474.2290,472.1400,473.6400,48200
1452889144,473.1100,474.0500,472.9200,474.0100,70300
1452889441,475.8200,476.0000,473.1300,473.3246,59000
1452889751,475.5800,476.0700,475.0400,475.9870,45800
1452890056,475.0045,476.2000,474.2900,475.7800,59500
1452890398,475.5500,476.4300,474.6300,474.9100,57600
1452890654,474.0800,475.5700,473.3100,475.0410,74200
1452890985,474.6899,475.9300,473.8000,474.0800,74200
1452891249,474.4000,474.8700,473.7800,474.4400,58100
1452891541,475.4800,475.9900,473.9800,474.4900,126900
1452891600,475.9400,475.9400,475.9400,475.9400,77800
